13
39
12
23
39
46
29
30
45
3
30
26
18
27
44
5
27
21
27
19
47
11
13
32
8
4
6
14
8
23
30
36
15
37
7
32
28
21
5
24
6
7
12
24
20
27
42
12
47
22
41
23
13
15
43
12
45
16
8
19
43
49
10
25
39
29
42
20
47
45
10
43
13
16
36
50
8
32
31
38
14
39
25
45
15
12
6
47
30
32
45
30
6
40
9
35
21
27
46
16
35
41
26
8
17
28
24
13
42
20
50
32
34
3
34
14
42
50
30
7
20
5
36
44
32
34
30
24
43
12
44
17
12
7
24
36
32
7
26
37
18
45
8
25
48
22
18
44
27
35
10
7
43
45
30
29
43
19
25
29
30
25
5
37
21
14
18
38
3
49
30
43
48
34
1
23
11
6
5
12
39
38
34
23
43
2
13
18
33
3
29
12
29
36
23
32
49
41
11
27
49
6
11
13
22
45
40
9
5
35
37
18
5
10
23
50
17
44
48
13
37
3
18
32
16
26
31
43
15
12
48
43
40
13
4
32
31
3
49
30
10
2
41
47
43
30
33
25
50
28
13
6
32
21
3
30
29
22
1
50
46
33
7
23
20
19
33
27
42
23
39
21
17
26
20
8
24
12
6
4
46
10
22
37
35
39
10
25
41
9
49
50
1
26
44
45
27
11
38
7
