2 -0.0848798461566 -0.0864510842858 -0.0792527355854
3 -0.112382482883 -0.128464436981 -0.130157260794
4 -0.152633448127 -0.165244356051 -0.168915303752
5 -0.172952756336 -0.195092892566 -0.185482325935
6 -0.20131709396 -0.179197491258 -0.208041656647
7 blad pomiarowy -0.227541830991 -0.222490557332
8 -0.194486742928 -0.241444496687 -0.226324719858
9 -0.264915773679 -0.229036630272 -0.264915773679
10 -0.22384577977 -0.230286195864 -0.230286195864
11 -0.224271195964 -0.295053104981 -0.274169419348
12 -0.254193387345 -0.241570167535 -0.297930087794
13 -0.271734285086 -0.262381351669 -0.28540037663
14 -0.283597295528 -0.287232845378 -0.246826685988
15 -0.277019844499 -0.270837582037 -0.304268963635
20 -0.366844591794 -0.391730976454 -0.400870410572
25 -0.392209189439 -0.376393997061 blad pomiarowy
30 -0.382149046577 -0.426007293988 blad pomiarowy
