2.99118e-05 1.99702 1.3612e-05
5.71357e-05 1.99431 1.27955e-05
8.27266e-05 1.99177 1.22893e-05
0.000107305 1.98934 1.19728e-05
0.000131251 1.98698 1.17757e-05
0.000154802 1.98466 1.16554e-05
0.000178113 1.98237 1.15849e-05
0.000201283 1.9801 1.1547e-05
0.000224377 1.97784 1.15306e-05
0.000247438 1.97559 1.15288e-05
0.000270495 1.97335 1.15364e-05
0.000293568 1.9711 1.15502e-05
0.000316669 1.96887 1.15685e-05
0.000339806 1.96663 1.15895e-05
0.000362985 1.96439 1.16123e-05
0.000386209 1.96216 1.16367e-05
0.000409483 1.95993 1.16622e-05
0.000432807 1.95769 1.16881e-05
0.000456183 1.95546 1.17145e-05
0.000479612 1.95323 1.17414e-05
0.000503095 1.95099 1.17684e-05
0.000526632 1.94876 1.17958e-05
0.000550224 1.94653 1.18233e-05
0.00057387 1.94429 1.18509e-05
0.000597572 1.94206 1.18789e-05
0.00062133 1.93983 1.1907e-05
0.000645144 1.93759 1.19352e-05
0.000669014 1.93536 1.19634e-05
0.000692941 1.93313 1.19918e-05
0.000716925 1.9309 1.20203e-05
0.000740965 1.92866 1.20492e-05
0.000765064 1.92643 1.20782e-05
0.00078922 1.9242 1.21072e-05
0.000813434 1.92197 1.21363e-05
0.000837707 1.91973 1.21654e-05
0.000862038 1.9175 1.21949e-05
0.000886428 1.91527 1.22244e-05
0.000910876 1.91304 1.22542e-05
0.000935385 1.9108 1.2284e-05
0.000959953 1.90857 1.2314e-05
0.000984581 1.90634 1.23442e-05
0.00100927 1.90411 1.23745e-05
0.00103402 1.90188 1.24049e-05
0.00105883 1.89964 1.24356e-05
0.0010837 1.89741 1.24664e-05
0.00110863 1.89518 1.24972e-05
0.00113363 1.89295 1.25283e-05
0.00115868 1.89072 1.25596e-05
0.0011838 1.88848 1.25909e-05
0.00120898 1.88625 1.26224e-05
0.00123423 1.88402 1.26541e-05
0.00125954 1.88179 1.26861e-05
0.00128491 1.87956 1.27182e-05
0.00131035 1.87733 1.27503e-05
0.00133585 1.87509 1.27825e-05
0.00136141 1.87286 1.28148e-05
0.00138704 1.87063 1.28477e-05
0.00141274 1.8684 1.28806e-05
0.0014385 1.86617 1.29136e-05
0.00146432 1.86394 1.29467e-05
0.00149022 1.86171 1.29799e-05
0.00151618 1.85947 1.30134e-05
0.0015422 1.85724 1.30472e-05
0.0015683 1.85501 1.30811e-05
0.00159446 1.85278 1.31151e-05
0.00162069 1.85055 1.31491e-05
0.00164699 1.84832 1.31835e-05
0.00167336 1.84609 1.3218e-05
0.00169979 1.84386 1.32529e-05
0.0017263 1.84163 1.32878e-05
0.00175287 1.8394 1.33228e-05
0.00177952 1.83717 1.33581e-05
0.00180624 1.83493 1.33935e-05
0.00183302 1.8327 1.34293e-05
0.00185988 1.83047 1.34651e-05
0.00188681 1.82824 1.35011e-05
0.00191381 1.82601 1.35374e-05
0.00194089 1.82378 1.35737e-05
0.00196804 1.82155 1.36102e-05
0.00199526 1.81932 1.36473e-05
0.00202255 1.81709 1.36845e-05
0.00204992 1.81486 1.37217e-05
0.00207736 1.81263 1.37591e-05
0.00210488 1.8104 1.37966e-05
0.00213247 1.80817 1.38344e-05
0.00216014 1.80594 1.38726e-05
0.00218789 1.80371 1.39108e-05
0.00221571 1.80148 1.39492e-05
0.00224361 1.79925 1.39877e-05
0.00227158 1.79702 1.40268e-05
0.00229964 1.79479 1.4066e-05
0.00232777 1.79256 1.41053e-05
0.00235598 1.79033 1.41447e-05
0.00238427 1.7881 1.41845e-05
0.00241264 1.78587 1.42244e-05
0.00244109 1.78364 1.42647e-05
0.00246962 1.78141 1.4305e-05
0.00249823 1.77918 1.43458e-05
0.00252692 1.77696 1.43867e-05
0.00255569 1.77473 1.44279e-05
0.00258455 1.7725 1.44692e-05
0.00261349 1.77027 1.45107e-05
0.00264251 1.76804 1.45526e-05
0.00267161 1.76581 1.45945e-05
0.0027008 1.76358 1.46369e-05
0.00273008 1.76135 1.46796e-05
0.00275943 1.75912 1.47225e-05
0.00278888 1.75689 1.47655e-05
0.00281841 1.75467 1.48086e-05
0.00284803 1.75244 1.48524e-05
0.00287773 1.75021 1.48963e-05
0.00290752 1.74798 1.49403e-05
0.00293741 1.74575 1.49844e-05
0.00296737 1.74352 1.50293e-05
0.00299743 1.74129 1.50742e-05
0.00302758 1.73907 1.51193e-05
0.00305782 1.73684 1.51645e-05
0.00308815 1.73461 1.52102e-05
0.00311857 1.73238 1.52562e-05
0.00314908 1.73015 1.53024e-05
0.00317969 1.72793 1.53487e-05
0.00321038 1.7257 1.53957e-05
0.00324117 1.72347 1.54429e-05
0.00327206 1.72124 1.54902e-05
0.00330304 1.71901 1.55379e-05
0.00333412 1.71679 1.55858e-05
0.00336529 1.71456 1.56341e-05
0.00339656 1.71233 1.56825e-05
0.00342792 1.7101 1.57314e-05
0.00345938 1.70788 1.57804e-05
0.00349095 1.70565 1.58299e-05
0.00352261 1.70342 1.58798e-05
0.00355436 1.7012 1.59298e-05
0.00358622 1.69897 1.598e-05
0.00361818 1.69674 1.6031e-05
0.00365025 1.69452 1.60821e-05
0.00368241 1.69229 1.61334e-05
0.00371468 1.69006 1.61848e-05
0.00374705 1.68783 1.6237e-05
0.00377952 1.68561 1.62893e-05
0.0038121 1.68338 1.63418e-05
0.00384478 1.68116 1.63948e-05
0.00387757 1.67893 1.64482e-05
0.00391047 1.6767 1.65019e-05
0.00394347 1.67448 1.65559e-05
0.00397658 1.67225 1.66105e-05
0.00400981 1.67002 1.66652e-05
0.00404314 1.6678 1.67205e-05
0.00407658 1.66557 1.67758e-05
0.00411013 1.66335 1.68317e-05
0.00414379 1.66112 1.68881e-05
0.00417757 1.6589 1.69447e-05
0.00421146 1.65667 1.70014e-05
0.00424546 1.65444 1.7059e-05
0.00427958 1.65222 1.71167e-05
0.00431381 1.64999 1.71746e-05
0.00434816 1.64777 1.72334e-05
0.00438263 1.64554 1.72923e-05
0.00441721 1.64332 1.73515e-05
0.00445192 1.64109 1.74115e-05
0.00448674 1.63887 1.74716e-05
0.00452168 1.63664 1.7532e-05
0.00455675 1.63442 1.75929e-05
0.00459193 1.63219 1.76544e-05
0.00462724 1.62997 1.77164e-05
0.00466267 1.62775 1.77785e-05
0.00469823 1.62552 1.78413e-05
0.00473391 1.6233 1.79045e-05
0.00476972 1.62107 1.7968e-05
0.00480566 1.61885 1.80321e-05
0.00484172 1.61662 1.80966e-05
0.00487792 1.6144 1.81615e-05
0.00491424 1.61218 1.82272e-05
0.00495069 1.60995 1.82931e-05
0.00498728 1.60773 1.83593e-05
0.005024 1.60551 1.84264e-05
0.00506085 1.60328 1.84937e-05
0.00509784 1.60106 1.85612e-05
0.00513496 1.59884 1.86297e-05
0.00517222 1.59661 1.86984e-05
0.00520962 1.59439 1.87678e-05
0.00524715 1.59217 1.88377e-05
0.00528483 1.58994 1.89082e-05
0.00532264 1.58772 1.8979e-05
0.0053606 1.5855 1.90503e-05
0.0053987 1.58328 1.91223e-05
0.00543695 1.58105 1.91946e-05
0.00547534 1.57883 1.92678e-05
0.00551387 1.57661 1.93413e-05
0.00555255 1.57439 1.94158e-05
0.00559139 1.57216 1.94906e-05
0.00563037 1.56994 1.95656e-05
0.0056695 1.56772 1.96417e-05
0.00570878 1.5655 1.9718e-05
0.00574822 1.56328 1.9795e-05
0.00578781 1.56106 1.98726e-05
0.00582755 1.55883 1.99509e-05
0.00586745 1.55661 2.00299e-05
0.00590751 1.55439 2.01096e-05
0.00594773 1.55217 2.01895e-05
0.00598811 1.54995 2.02705e-05
0.00602865 1.54773 2.03519e-05
0.00606936 1.54551 2.04342e-05
0.00611023 1.54329 2.0517e-05
0.00615126 1.54107 2.06e-05
0.00619246 1.53885 2.06841e-05
0.00623383 1.53663 2.0769e-05
0.00627537 1.53441 2.08545e-05
0.00631708 1.53219 2.09405e-05
0.00635896 1.52997 2.10275e-05
0.00640101 1.52775 2.11152e-05
0.00644324 1.52553 2.12034e-05
0.00648565 1.52331 2.12926e-05
0.00652823 1.52109 2.13823e-05
0.006571 1.51887 2.1473e-05
0.00661394 1.51665 2.15642e-05
0.00665707 1.51443 2.16565e-05
0.00670039 1.51221 2.17493e-05
0.00674388 1.50999 2.18432e-05
0.00678757 1.50777 2.19375e-05
0.00683145 1.50555 2.20326e-05
0.00687551 1.50334 2.21289e-05
0.00691977 1.50112 2.22256e-05
0.00696422 1.4989 2.23236e-05
0.00700887 1.49668 2.24219e-05
0.00705371 1.49446 2.25216e-05
0.00709875 1.49225 2.2622e-05
0.007144 1.49003 2.27234e-05
0.00718944 1.48781 2.2826e-05
0.0072351 1.48559 2.2929e-05
0.00728095 1.48338 2.3033e-05
0.00732702 1.48116 2.31378e-05
0.0073733 1.47894 2.32439e-05
0.00741978 1.47673 2.3351e-05
0.00746649 1.47451 2.34589e-05
0.0075134 1.47229 2.35678e-05
0.00756054 1.47008 2.3678e-05
0.0076079 1.46786 2.37888e-05
0.00765547 1.46565 2.39009e-05
0.00770327 1.46343 2.40135e-05
0.0077513 1.46121 2.41276e-05
0.00779956 1.459 2.42426e-05
0.00784804 1.45678 2.4359e-05
0.00789676 1.45457 2.44765e-05
0.00794571 1.45235 2.45949e-05
0.0079949 1.45014 2.47148e-05
0.00804433 1.44792 2.48353e-05
0.008094 1.44571 2.49573e-05
0.00814392 1.4435 2.50807e-05
0.00819408 1.44128 2.52048e-05
0.00824449 1.43907 2.53304e-05
0.00829515 1.43685 2.54571e-05
0.00834606 1.43464 2.55853e-05
0.00839723 1.43243 2.57151e-05
0.00844867 1.43021 2.58456e-05
0.00850036 1.428 2.59776e-05
0.00855231 1.42579 2.61113e-05
0.00860453 1.42357 2.62456e-05
0.00865703 1.42136 2.63816e-05
0.00870979 1.41915 2.65193e-05
0.00876283 1.41694 2.66581e-05
0.00881614 1.41473 2.67986e-05
0.00886974 1.41251 2.69409e-05
0.00892362 1.4103 2.70839e-05
0.00897779 1.40809 2.72286e-05
0.00903225 1.40588 2.73751e-05
0.009087 1.40367 2.75233e-05
0.00914205 1.40146 2.76729e-05
0.00919739 1.39925 2.78243e-05
0.00925304 1.39704 2.79775e-05
0.00930899 1.39483 2.81325e-05
0.00936526 1.39262 2.82884e-05
0.00942184 1.39041 2.84462e-05
0.00947873 1.3882 2.86059e-05
0.00953594 1.38599 2.87676e-05
0.00959348 1.38378 2.89312e-05
0.00965134 1.38157 2.90962e-05
0.00970953 1.37936 2.92632e-05
0.00976806 1.37716 2.94323e-05
0.00982692 1.37495 2.96034e-05
0.00988613 1.37274 2.97766e-05
0.00994568 1.37053 2.99513e-05
0.0100056 1.36833 3.01281e-05
0.0100658 1.36612 3.0307e-05
0.0101265 1.36391 3.04881e-05
0.0101874 1.36171 3.06714e-05
0.0102488 1.3595 3.08575e-05
0.0103105 1.35729 3.10453e-05
0.0103726 1.35509 3.12358e-05
0.0104351 1.35288 3.14287e-05
0.0104979 1.35068 3.16233e-05
0.0105612 1.34847 3.18203e-05
0.0106248 1.34627 3.20197e-05
0.0106888 1.34406 3.22221e-05
0.0107533 1.34186 3.24263e-05
0.0108181 1.33965 3.26341e-05
0.0108834 1.33745 3.28439e-05
0.0109491 1.33525 3.30563e-05
0.0110152 1.33304 3.32717e-05
0.0110817 1.33084 3.34899e-05
0.0111487 1.32864 3.37112e-05
0.0112161 1.32644 3.39353e-05
0.011284 1.32424 3.4162e-05
0.0113523 1.32203 3.43915e-05
0.0114211 1.31983 3.46245e-05
0.0114904 1.31763 3.48602e-05
0.0115601 1.31543 3.50995e-05
0.0116303 1.31323 3.53423e-05
0.011701 1.31103 3.55881e-05
0.0117722 1.30883 3.58376e-05
0.0118438 1.30663 3.609e-05
0.011916 1.30443 3.63463e-05
0.0119887 1.30224 3.66063e-05
0.0120619 1.30004 3.68702e-05
0.0121357 1.29784 3.71373e-05
0.0122099 1.29564 3.74091e-05
0.0122847 1.29345 3.76842e-05
0.0123601 1.29125 3.79634e-05
0.012436 1.28905 3.82474e-05
0.0125125 1.28686 3.8535e-05
0.0125896 1.28466 3.88268e-05
0.0126673 1.28247 3.91229e-05
0.0127455 1.28027 3.94234e-05
0.0128244 1.27808 3.97292e-05
0.0129038 1.27588 4.00394e-05
0.0129839 1.27369 4.03543e-05
0.0130646 1.2715 4.06738e-05
0.0131459 1.2693 4.09989e-05
0.0132279 1.26711 4.13288e-05
0.0133106 1.26492 4.16643e-05
0.0133939 1.26273 4.20049e-05
0.0134779 1.26054 4.23513e-05
0.0135626 1.25835 4.27037e-05
0.013648 1.25616 4.30613e-05
0.0137342 1.25397 4.34251e-05
0.013821 1.25178 4.37951e-05
0.0139086 1.24959 4.41714e-05
0.013997 1.2474 4.45543e-05
0.0140861 1.24522 4.49429e-05
0.0141759 1.24303 4.5339e-05
0.0142666 1.24084 4.57419e-05
0.0143581 1.23866 4.61517e-05
0.0144504 1.23647 4.65686e-05
0.0145436 1.23429 4.69935e-05
0.0146375 1.23211 4.74257e-05
0.0147324 1.22992 4.78663e-05
0.0148281 1.22774 4.83153e-05
0.0149248 1.22556 4.8773e-05
0.0150223 1.22338 4.92386e-05
0.0151208 1.22119 4.97132e-05
0.0152202 1.21901 5.01968e-05
0.0153206 1.21684 5.06889e-05
0.015422 1.21466 5.11914e-05
0.0155244 1.21248 5.17036e-05
0.0156278 1.2103 5.22266e-05
0.0157322 1.20812 5.27597e-05
0.0158377 1.20595 5.3304e-05
0.0159443 1.20377 5.38589e-05
0.0160521 1.2016 5.44255e-05
0.0161609 1.19942 5.50031e-05
0.0162709 1.19725 5.55929e-05
0.0163821 1.19508 5.61962e-05
0.0164945 1.19291 5.68122e-05
0.0166081 1.19074 5.74424e-05
0.016723 1.18857 5.80859e-05
0.0168392 1.1864 5.87441e-05
0.0169567 1.18423 5.94163e-05
0.0170755 1.18206 6.01038e-05
0.0171957 1.17989 6.08072e-05
0.0173173 1.17773 6.15277e-05
0.0174404 1.17556 6.22648e-05
0.0175649 1.1734 6.30199e-05
0.0176909 1.17124 6.37923e-05
0.0178185 1.16908 6.45837e-05
0.0179477 1.16692 6.53945e-05
0.0180785 1.16476 6.62252e-05
0.0182109 1.1626 6.70775e-05
0.0183451 1.16044 6.7952e-05
0.018481 1.15829 6.8848e-05
0.0186187 1.15613 6.97674e-05
0.0187582 1.15398 7.07107e-05
0.0188996 1.15183 7.16813e-05
0.019043 1.14967 7.26773e-05
0.0191884 1.14752 7.37006e-05
0.0193358 1.14538 7.47535e-05
0.0194853 1.14323 7.58355e-05
0.0196369 1.14108 7.69487e-05
0.0197908 1.13894 7.80941e-05
0.019947 1.1368 7.92741e-05
0.0201056 1.13465 8.04883e-05
0.0202666 1.13251 8.17393e-05
0.02043 1.13038 8.30281e-05
0.0205961 1.12824 8.43591e-05
0.0207648 1.1261 8.57321e-05
0.0209363 1.12397 8.71484e-05
0.0211106 1.12184 8.86128e-05
0.0212878 1.11971 9.01236e-05
0.021468 1.11758 9.16857e-05
0.0216514 1.11546 9.33026e-05
0.021838 1.11333 9.49746e-05
0.022028 1.11121 9.67071e-05
0.0222214 1.10909 9.85007e-05
0.0224184 1.10698 0.000100363
0.0226191 1.10486 0.000102295
0.0228237 1.10275 0.0001043
0.0230323 1.10064 0.000106381
0.0232451 1.09853 0.000108545
0.0234622 1.09643 0.000110794
0.0236837 1.09433 0.000113137
0.02391 1.09223 0.000115577
0.0241412 1.09013 0.000118123
0.0243774 1.08804 0.00012078
0.024619 1.08595 0.000123552
0.0248661 1.08386 0.000126451
0.025119 1.08178 0.000129486
0.0253779 1.0797 0.000132662
0.0256433 1.07763 0.000135993
0.0259153 1.07555 0.000139491
0.0261942 1.07349 0.000143162
0.0264806 1.07142 0.000147029
0.0267746 1.06937 0.000151102
0.0270768 1.06731 0.000155392
0.0273876 1.06526 0.000159923
0.0277075 1.06322 0.00016472
0.0280369 1.06118 0.000169795
0.0283765 1.05915 0.000175179
0.0287268 1.05712 0.000180899
0.0290886 1.0551 0.000186984
0.0294626 1.05309 0.000193474
0.0298496 1.05108 0.000200409
0.0302504 1.04908 0.000207829
0.030666 1.04709 0.000215793
0.0310976 1.04511 0.000224354
0.0315463 1.04314 0.00023358
0.0320135 1.04118 0.00024355
0.0325006 1.03922 0.000254354
0.0330093 1.03728 0.000266093
0.0335415 1.03535 0.000278899
0.0340993 1.03343 0.000292906
0.0346851 1.03153 0.000308293
0.0353017 1.02964 0.00032526
0.0359522 1.02777 0.000344041
0.0366403 1.02591 0.00036494
0.0373702 1.02407 0.000388314
0.0381468 1.02225 0.000414593
0.038976 1.02046 0.000444328
0.0398646 1.01869 0.0004782
0.040821 1.01694 0.000517079
0.0418552 1.01523 0.000562059
0.0429793 1.01355 0.000614582
0.0442085 1.0119 0.000676527
0.0455615 1.0103 0.000750434
0.0470624 1.00874 0.000839745
0.0487419 1.00722 0.0009492
0.0506403 1.00577 0.0010855
0.0528113 1.00437 0.00125814
0.0553276 1.00304 0.00148094
0.0582894 1.00178 0.00177408
0.0618376 1.00058 0.00216627
0.0661701 0.999441 0.00269605
0.0715622 0.998331 0.00340618
0.0783746 0.997193 0.00431771
0.08701 0.995933 0.0053785
0.097767 0.994431 0.00643358
0.110634 0.992586 0.00730236
0.125239 0.990365 0.0078906
0.14102 0.987797 0.00820081
0.157422 0.984942 0.00828128
0.173984 0.981865 0.00819021
0.190365 0.978628 0.00798112
0.206327 0.975285 0.0076978
0.221723 0.971881 0.00737366
0.23647 0.968451 0.00703279
0.250535 0.96502 0.00669172
0.263919 0.961609 0.00636115
0.276641 0.958229 0.00604764
0.288736 0.954889 0.00575461
0.300246 0.951593 0.0054835
0.311213 0.948344 0.00523442
0.321682 0.945141 0.00500664
0.331695 0.941985 0.00479895
0.341293 0.938873 0.00460979
0.350512 0.935802 0.00443759
0.359387 0.93277 0.00428074
0.367949 0.929775 0.00413779
0.376225 0.926814 0.00400726
0.384239 0.923883 0.00388781
0.392015 0.920982 0.00377834
0.399571 0.918107 0.00367767
0.406927 0.915256 0.00358496
0.414097 0.912428 0.00349931
0.421095 0.90962 0.00341998
0.427935 0.90683 0.00334634
0.434628 0.904059 0.00327776
0.441183 0.901303 0.00321374
0.447611 0.898562 0.00315383
0.453919 0.895834 0.00309763
0.460114 0.89312 0.0030448
0.466203 0.890417 0.002995
0.472193 0.887725 0.00294798
0.478089 0.885043 0.00290346
0.483896 0.882371 0.00286125
0.489619 0.879707 0.00282112
0.495261 0.877052 0.00278296
0.500827 0.874405 0.00274657
0.50632 0.871766 0.00271183
0.511744 0.869133 0.00267861
0.517101 0.866507 0.00264678
0.522395 0.863887 0.00261626
0.527627 0.861273 0.00258698
0.532801 0.858665 0.0025588
0.537919 0.856062 0.00253172
0.542982 0.853465 0.00250561
0.547993 0.850872 0.00248043
0.552954 0.848284 0.00245612
0.557866 0.8457 0.00243263
0.562732 0.843121 0.00240992
0.567551 0.840546 0.00238795
0.572327 0.837974 0.00236667
0.577061 0.835407 0.00234605
0.581753 0.832843 0.00232607
0.586405 0.830283 0.00230663
0.591018 0.827726 0.00228779
0.595594 0.825173 0.00226948
0.600133 0.822623 0.00225168
0.604636 0.820075 0.00223435
0.609105 0.817531 0.0022175
0.61354 0.81499 0.00220107
0.617942 0.812451 0.00218509
0.622312 0.809916 0.00216951
0.626651 0.807382 0.00215432
0.63096 0.804852 0.00213949
0.635239 0.802324 0.00212502
0.639489 0.799798 0.00211091
0.643711 0.797275 0.00209713
0.647905 0.794754 0.00208367
0.652072 0.792235 0.00207049
0.656213 0.789718 0.00205761
0.660328 0.787204 0.00204503
0.664418 0.784692 0.00203271
0.668484 0.782181 0.00202068
0.672525 0.779673 0.00200889
0.676543 0.777166 0.00199735
0.680538 0.774662 0.00198605
0.68451 0.772159 0.00197496
0.68846 0.769658 0.00196411
0.692388 0.767159 0.00195347
0.696295 0.764661 0.00194305
0.700181 0.762165 0.00193281
0.704047 0.759671 0.00192277
0.707892 0.757178 0.00191294
0.711718 0.754687 0.00190328
0.715525 0.752198 0.00189381
0.719312 0.74971 0.00188452
0.723081 0.747223 0.00187538
0.726832 0.744738 0.00186641
0.730565 0.742255 0.0018576
0.73428 0.739772 0.00184895
0.737978 0.737291 0.00184044
0.741659 0.734812 0.00183209
0.745323 0.732333 0.00182388
0.748971 0.729856 0.0018158
0.752602 0.727381 0.00180786
0.756218 0.724906 0.00180006
0.759818 0.722433 0.00179236
0.763403 0.719961 0.00178481
0.766973 0.71749 0.00177737
0.770527 0.71502 0.00177005
0.774067 0.712552 0.00176285
0.777593 0.710084 0.00175577
0.781105 0.707618 0.00174879
0.784602 0.705152 0.00174192
0.788086 0.702688 0.00173515
0.791556 0.700225 0.00172849
0.795013 0.697763 0.00172193
0.798457 0.695302 0.00171546
0.801888 0.692841 0.0017091
0.805306 0.690382 0.00170282
0.808712 0.687924 0.00169663
0.812105 0.685467 0.00169053
0.815486 0.68301 0.00168453
0.818855 0.680555 0.0016786
0.822212 0.6781 0.00167277
0.825558 0.675647 0.001667
0.828892 0.673194 0.00166132
0.832215 0.670742 0.00165572
0.835526 0.668291 0.0016502
0.838826 0.665841 0.00164477
0.842116 0.663391 0.00163939
0.845395 0.660943 0.0016341
0.848663 0.658495 0.00162888
0.851921 0.656048 0.00162371
0.855168 0.653602 0.00161862
0.858405 0.651157 0.00161359
0.861633 0.648712 0.00160863
0.86485 0.646268 0.00160373
0.868057 0.643825 0.0015989
0.871255 0.641383 0.00159413
0.874443 0.638941 0.00158943
0.877622 0.6365 0.00158478
0.880792 0.63406 0.0015802
0.883952 0.63162 0.00157566
0.887103 0.629181 0.00157118
0.890246 0.626743 0.00156677
0.893379 0.624305 0.0015624
0.896504 0.621868 0.00155809
0.89962 0.619432 0.00155383
0.902728 0.616996 0.00154962
0.905827 0.614561 0.00154546
0.908918 0.612127 0.00154135
0.912001 0.609693 0.00153729
0.915075 0.60726 0.00153327
0.918142 0.604827 0.00152931
0.921201 0.602395 0.00152538
0.924251 0.599964 0.00152151
0.927294 0.597533 0.00151768
0.93033 0.595103 0.0015139
0.933357 0.592673 0.00151016
0.936378 0.590244 0.00150646
0.939391 0.587816 0.0015028
0.942396 0.585388 0.00149918
0.945395 0.58296 0.00149562
0.948386 0.580534 0.00149209
0.95137 0.578107 0.0014886
0.954347 0.575681 0.00148514
0.957318 0.573256 0.00148172
0.960281 0.570831 0.00147834
0.963238 0.568407 0.001475
0.966188 0.565983 0.00147169
0.969131 0.56356 0.00146842
0.972068 0.561137 0.00146519
0.974998 0.558714 0.00146198
0.977922 0.556293 0.00145883
0.98084 0.553871 0.0014557
0.983751 0.55145 0.00145259
0.986657 0.54903 0.00144954
0.989556 0.54661 0.0014465
0.992449 0.54419 0.00144351
0.995336 0.541771 0.00144054
0.998217 0.539353 0.00143761
1.00109 0.536934 0.00143469
1.00396 0.534517 0.00143183
1.00682 0.532099 0.00142898
1.00968 0.529682 0.00142617
1.01254 0.527266 0.00142338
1.01538 0.52485 0.00142064
1.01822 0.522434 0.00141792
1.02106 0.520019 0.00141523
1.02389 0.517604 0.00141255
1.02671 0.515189 0.0014099
1.02953 0.512775 0.00140728
1.03235 0.510362 0.00140468
1.03516 0.507948 0.00140211
1.03796 0.505535 0.00139957
1.04076 0.503123 0.00139706
1.04356 0.500711 0.00139456
1.04635 0.498299 0.0013921
1.04913 0.495888 0.00138966
1.05191 0.493477 0.00138725
1.05468 0.491066 0.00138486
1.05745 0.488656 0.00138249
1.06022 0.486246 0.00138015
1.06298 0.483836 0.00137783
1.06573 0.481427 0.00137554
1.06848 0.479018 0.00137327
1.07123 0.476609 0.00137101
1.07397 0.474201 0.00136879
1.07671 0.471793 0.00136658
1.07944 0.469386 0.0013644
1.08217 0.466979 0.00136224
1.0849 0.464572 0.0013601
1.08762 0.462165 0.00135798
1.09033 0.459759 0.00135588
1.09305 0.457353 0.0013538
1.09575 0.454947 0.00135174
1.09846 0.452542 0.0013497
1.10116 0.450137 0.00134768
1.10385 0.447732 0.00134569
1.10654 0.445328 0.0013437
1.10923 0.442924 0.00134174
1.11191 0.44052 0.00133979
1.11459 0.438116 0.00133787
1.11727 0.435713 0.00133595
1.11994 0.43331 0.00133406
1.12261 0.430907 0.0013322
1.12527 0.428505 0.00133035
1.12793 0.426103 0.00132851
1.13059 0.423701 0.00132669
1.13324 0.4213 0.0013249
1.13589 0.418898 0.00132312
1.13854 0.416498 0.00132136
1.14118 0.414097 0.00131962
1.14382 0.411696 0.00131789
1.14646 0.409296 0.00131618
1.14909 0.406896 0.00131448
1.15172 0.404497 0.0013128
1.15435 0.402097 0.00131113
1.15697 0.399698 0.00130948
1.15959 0.397299 0.00130785
1.1622 0.394901 0.00130624
1.16481 0.392502 0.00130464
1.16742 0.390104 0.00130306
1.17003 0.387706 0.00130149
1.17263 0.385309 0.00129993
1.17523 0.382911 0.00129839
1.17783 0.380514 0.00129686
1.18042 0.378117 0.00129535
1.18301 0.375721 0.00129385
1.1856 0.373324 0.00129237
1.18819 0.370928 0.00129091
1.19077 0.368532 0.00128946
1.19335 0.366136 0.00128801
1.19592 0.363741 0.00128658
1.1985 0.361345 0.00128518
1.20107 0.35895 0.00128377
1.20363 0.356555 0.00128239
1.2062 0.354161 0.00128102
1.20876 0.351766 0.00127966
1.21132 0.349372 0.00127832
1.21388 0.346978 0.00127699
1.21643 0.344584 0.00127567
1.21898 0.342191 0.00127437
1.22153 0.339797 0.00127307
1.22408 0.337404 0.00127179
1.22662 0.335011 0.00127052
1.22916 0.332618 0.00126927
1.2317 0.330226 0.00126803
1.23424 0.327833 0.0012668
1.23677 0.325441 0.00126558
1.2393 0.323049 0.00126437
1.24183 0.320658 0.00126317
1.24436 0.318266 0.00126199
1.24688 0.315875 0.00126082
1.2494 0.313483 0.00125966
1.25192 0.311092 0.00125852
1.25444 0.308701 0.00125739
1.25695 0.306311 0.00125626
1.25947 0.30392 0.00125515
1.26198 0.30153 0.00125406
1.26448 0.29914 0.00125296
1.26699 0.29675 0.00125188
1.26949 0.29436 0.00125082
1.272 0.291971 0.00124976
1.27449 0.289581 0.00124872
1.27699 0.287192 0.0012477
1.27949 0.284803 0.00124667
1.28198 0.282414 0.00124566
1.28447 0.280025 0.00124466
1.28696 0.277637 0.00124367
1.28945 0.275248 0.00124269
1.29193 0.27286 0.00124172
1.29442 0.270472 0.00124076
1.2969 0.268084 0.00123981
1.29938 0.265696 0.00123887
1.30186 0.263309 0.00123794
1.30433 0.260921 0.00123702
1.30681 0.258534 0.00123612
1.30928 0.256147 0.00123522
1.31175 0.25376 0.00123433
1.31422 0.251373 0.00123345
1.31669 0.248987 0.00123258
1.31915 0.2466 0.00123172
1.32161 0.244214 0.00123088
1.32408 0.241827 0.00123004
1.32654 0.239441 0.00122921
1.32899 0.237055 0.00122839
1.33145 0.23467 0.00122758
1.33391 0.232284 0.00122677
1.33636 0.229899 0.00122598
1.33881 0.227513 0.0012252
1.34126 0.225128 0.00122443
1.34371 0.222743 0.00122367
1.34616 0.220358 0.00122291
1.3486 0.217973 0.00122216
1.35105 0.215589 0.00122143
1.35349 0.213204 0.00122071
1.35593 0.21082 0.00121999
1.35837 0.208435 0.00121928
1.36081 0.206051 0.00121858
1.36325 0.203667 0.0012179
1.36568 0.201283 0.00121721
1.36812 0.1989 0.00121654
1.37055 0.196516 0.00121588
1.37298 0.194133 0.00121522
1.37541 0.191749 0.00121457
1.37784 0.189366 0.00121393
1.38027 0.186983 0.0012133
1.3827 0.1846 0.00121268
1.38512 0.182217 0.00121207
1.38755 0.179834 0.00121147
1.38997 0.177452 0.00121087
1.39239 0.175069 0.00121028
1.39481 0.172687 0.0012097
1.39723 0.170304 0.00120913
1.39965 0.167922 0.00120857
1.40207 0.16554 0.00120802
1.40448 0.163158 0.00120747
1.4069 0.160776 0.00120693
1.40931 0.158394 0.0012064
1.41172 0.156013 0.00120588
1.41414 0.153631 0.00120536
1.41655 0.15125 0.00120486
1.41896 0.148868 0.00120436
1.42137 0.146487 0.00120387
1.42377 0.144106 0.00120338
1.42618 0.141725 0.00120291
1.42859 0.139344 0.00120244
1.43099 0.136963 0.00120198
1.43339 0.134583 0.00120154
1.4358 0.132202 0.0012011
1.4382 0.129822 0.00120066
1.4406 0.127441 0.00120023
1.443 0.125061 0.00119981
1.4454 0.122681 0.0011994
1.4478 0.1203 0.00119899
1.4502 0.11792 0.0011986
1.45259 0.11554 0.00119821
1.45499 0.113161 0.00119783
1.45739 0.110781 0.00119745
1.45978 0.108401 0.00119709
1.46218 0.106022 0.00119673
1.46457 0.103642 0.00119638
1.46696 0.101263 0.00119604
1.46935 0.0988835 0.00119571
1.47175 0.0965042 0.00119538
1.47414 0.0941251 0.00119506
1.47653 0.091746 0.00119475
1.47892 0.089367 0.00119444
1.48131 0.0869882 0.00119414
1.48369 0.0846094 0.00119386
1.48608 0.0822306 0.00119357
1.48847 0.079852 0.0011933
1.49085 0.0774734 0.00119303
1.49324 0.0750949 0.00119277
1.49563 0.0727165 0.00119252
1.49801 0.0703382 0.00119227
1.5004 0.06796 0.00119203
1.50278 0.0655818 0.00119181
1.50516 0.0632037 0.00119158
1.50755 0.0608257 0.00119136
1.50993 0.0584477 0.00119115
1.51231 0.0560698 0.00119095
1.51469 0.053692 0.00119076
1.51708 0.0513142 0.00119057
1.51946 0.0489366 0.00119039
1.52184 0.046559 0.00119022
1.52422 0.0441814 0.00119005
1.5266 0.0418039 0.00118989
1.52898 0.0394265 0.00118973
1.53136 0.0370492 0.00118959
1.53374 0.0346719 0.00118946
1.53612 0.0322947 0.00118932
1.53849 0.0299175 0.0011892
1.54087 0.0275405 0.00118908
1.54325 0.0251634 0.00118897
1.54563 0.0227865 0.00118887
1.54801 0.0204096 0.00118877
1.55038 0.0180327 0.00118869
1.55276 0.015656 0.00118861
1.55514 0.0132792 0.00118853
1.55752 0.0109026 0.00118847
1.55989 0.00852596 0.00118841
1.56227 0.00614942 0.00118836
1.56465 0.00377295 0.00118831
1.56702 0.00139649 0.00118827
1.5694 -0.000979896 0.00118824
1.57178 -0.00335621 0.00118822
1.57415 -0.00573248 0.0011882
1.57653 -0.00810872 0.00118819
1.5789 -0.0104849 0.00118819
1.58128 -0.0128611 0.00118819
1.58366 -0.0152372 0.0011882
1.58603 -0.0176132 0.00118822
1.58841 -0.0199892 0.00118824
1.59079 -0.0223651 0.00118828
1.59316 -0.024741 0.00118832
1.59554 -0.0271168 0.00118837
1.59792 -0.0294926 0.00118842
1.60029 -0.0318683 0.00118848
1.60267 -0.034244 0.00118855
1.60505 -0.0366197 0.00118863
1.60742 -0.0389953 0.00118871
1.6098 -0.0413709 0.0011888
1.61218 -0.0437464 0.0011889
1.61456 -0.0461219 0.001189
1.61694 -0.0484973 0.00118911
1.61931 -0.0508727 0.00118923
1.62169 -0.0532481 0.00118935
1.62407 -0.0556235 0.00118949
1.62645 -0.0579988 0.00118963
1.62883 -0.060374 0.00118977
1.63121 -0.0627493 0.00118992
1.63359 -0.0651245 0.00119008
1.63597 -0.0674996 0.00119025
1.63835 -0.0698747 0.00119042
1.64073 -0.0722498 0.00119061
1.64311 -0.0746249 0.00119079
1.64549 -0.0769999 0.00119099
1.64788 -0.0793749 0.00119119
1.65026 -0.0817499 0.00119141
1.65264 -0.0841248 0.00119163
1.65502 -0.0864997 0.00119185
1.65741 -0.0888746 0.00119209
1.65979 -0.0912494 0.00119232
1.66218 -0.0936243 0.00119257
1.66456 -0.0959991 0.00119282
1.66695 -0.0983738 0.00119309
1.66933 -0.100749 0.00119335
1.67172 -0.103123 0.00119363
1.67411 -0.105498 0.00119391
1.67649 -0.107873 0.0011942
1.67888 -0.110247 0.0011945
1.68127 -0.112622 0.00119481
1.68366 -0.114997 0.00119512
1.68605 -0.117371 0.00119544
1.68844 -0.119746 0.00119577
1.69083 -0.12212 0.0011961
1.69323 -0.124495 0.00119644
1.69562 -0.126869 0.00119679
1.69801 -0.129244 0.00119715
1.70041 -0.131618 0.00119752
1.7028 -0.133993 0.00119789
1.7052 -0.136367 0.00119827
1.70759 -0.138742 0.00119866
1.70999 -0.141116 0.00119906
1.71239 -0.14349 0.00119946
1.71479 -0.145865 0.00119987
1.71719 -0.148239 0.00120029
1.71959 -0.150614 0.00120071
1.72199 -0.152988 0.00120115
1.72439 -0.155362 0.00120159
1.7268 -0.157737 0.00120204
1.7292 -0.160111 0.0012025
1.73161 -0.162485 0.00120296
1.73401 -0.16486 0.00120344
1.73642 -0.167234 0.00120392
1.73883 -0.169608 0.00120441
1.74124 -0.171982 0.00120491
1.74364 -0.174357 0.00120541
1.74606 -0.176731 0.00120592
1.74847 -0.179105 0.00120645
1.75088 -0.18148 0.00120697
1.75329 -0.183854 0.00120751
1.75571 -0.186228 0.00120805
1.75813 -0.188602 0.0012086
1.76054 -0.190977 0.00120916
1.76296 -0.193351 0.00120974
1.76538 -0.195725 0.00121032
1.7678 -0.1981 0.0012109
1.77022 -0.200474 0.0012115
1.77265 -0.202848 0.0012121
1.77507 -0.205222 0.0012127
1.7775 -0.207597 0.00121332
1.77992 -0.209971 0.00121395
1.78235 -0.212345 0.00121459
1.78478 -0.21472 0.00121523
1.78721 -0.217094 0.00121589
1.78964 -0.219468 0.00121655
1.79207 -0.221843 0.00121723
1.79451 -0.224217 0.00121791
1.79694 -0.226591 0.00121859
1.79938 -0.228966 0.00121929
1.80182 -0.23134 0.00121999
1.80426 -0.233714 0.00122071
1.8067 -0.236089 0.00122143
1.80914 -0.238463 0.00122217
1.81159 -0.240838 0.00122291
1.81404 -0.243212 0.00122366
1.81648 -0.245586 0.00122441
1.81893 -0.247961 0.00122518
1.82138 -0.250335 0.00122596
1.82383 -0.25271 0.00122675
1.82629 -0.255084 0.00122754
1.82874 -0.257459 0.00122835
1.8312 -0.259833 0.00122917
1.83366 -0.262208 0.00122999
1.83612 -0.264583 0.00123082
1.83858 -0.266957 0.00123166
1.84104 -0.269332 0.00123252
1.84351 -0.271707 0.00123338
1.84597 -0.274081 0.00123425
1.84844 -0.276456 0.00123514
1.85091 -0.278831 0.00123603
1.85338 -0.281206 0.00123693
1.85586 -0.28358 0.00123784
1.85833 -0.285955 0.00123876
1.86081 -0.28833 0.0012397
1.86329 -0.290705 0.00124064
1.86577 -0.29308 0.00124159
1.86826 -0.295455 0.00124255
1.87074 -0.29783 0.00124352
1.87323 -0.300205 0.0012445
1.87572 -0.30258 0.00124549
1.87821 -0.304955 0.00124649
1.8807 -0.30733 0.00124751
1.8832 -0.309705 0.00124853
1.88569 -0.31208 0.00124957
1.88819 -0.314455 0.00125062
1.89069 -0.316831 0.00125168
1.8932 -0.319206 0.00125274
1.8957 -0.321581 0.00125382
1.89821 -0.323957 0.0012549
1.90072 -0.326332 0.001256
1.90323 -0.328707 0.00125711
1.90575 -0.331083 0.00125824
1.90826 -0.333458 0.00125937
1.91078 -0.335834 0.00126051
1.9133 -0.33821 0.00126167
1.91583 -0.340585 0.00126284
1.91835 -0.342961 0.00126403
1.92088 -0.345337 0.00126522
1.92341 -0.347712 0.00126643
1.92594 -0.350088 0.00126764
1.92848 -0.352464 0.00126887
1.93102 -0.35484 0.00127011
1.93356 -0.357216 0.00127136
1.9361 -0.359592 0.00127263
1.93864 -0.361968 0.0012739
1.94119 -0.364344 0.00127519
1.94374 -0.36672 0.0012765
1.9463 -0.369097 0.00127781
1.94885 -0.371473 0.00127915
1.95141 -0.373849 0.00128049
1.95397 -0.376226 0.00128184
1.95653 -0.378602 0.0012832
1.9591 -0.380979 0.00128458
1.96167 -0.383355 0.00128597
1.96424 -0.385732 0.00128738
1.96682 -0.388109 0.0012888
1.96939 -0.390485 0.00129024
1.97197 -0.392862 0.00129169
1.97456 -0.395239 0.00129315
1.97714 -0.397616 0.00129462
1.97973 -0.399993 0.00129611
1.98233 -0.40237 0.00129761
1.98492 -0.404747 0.00129914
1.98752 -0.407124 0.00130067
1.99012 -0.409502 0.00130221
1.99272 -0.411879 0.00130377
1.99533 -0.414256 0.00130535
1.99794 -0.416634 0.00130694
