0.0 -0.737297380874 -0.737297380874 0.0
0.1 -0.773431239182 -0.674035067568 -0.0993961716142
0.2 -0.772238667529 -0.576622722772 -0.195615944757
0.3 -0.74606462779 -0.459519754713 -0.286544873078
0.4 -0.704005049943 -0.333065599707 -0.370939450236
0.5 -0.652679093775 -0.204498255532 -0.448180838243
0.6 -0.596828194442 -0.0787389335013 -0.51808926094
0.7 -0.539779314001 0.0410058472979 -0.580785161299
0.8 -0.483801945723 0.152784321887 -0.63658626761
0.9 -0.430382168114 0.255549944265 -0.685932112379
1.0 -0.380432090694 0.348897342833 -0.729329433527
1.1 -0.334449109474 0.432864257965 -0.767313367439
1.2 -0.292636285985 0.507784216778 -0.800420502763
1.3 -0.254992711146 0.574178058961 -0.829170770107
1.4 -0.221380780158 0.632675069541 -0.854055849699
1.5 -0.191575779838 0.683956549243 -0.87553232908
1.6 -0.165301990249 0.728716279407 -0.894018269656
1.7 -0.142258560364 0.767633610743 -0.909892171107
1.8 -0.122137678803 0.801355898344 -0.923493577148
1.9 -0.10463698276 0.830487778858 -0.935124761617
2.0 -0.089467696911 0.855585386423 -0.945053083334
2.1 -0.0763596426358 0.877154069221 -0.953513711857
2.2 -0.0650639847278 0.895648527582 -0.96071251231
2.3 -0.0553543712621 0.911474570781 -0.966828942043
2.4 -0.0470269589011 0.924991901132 -0.972018860033
2.5 -0.0398996902594 0.936517495244 -0.976417185503
2.6 -0.0338110936519 0.946329274433 -0.980140368085
2.7 -0.0286188021245 0.954669848388 -0.983288650512
2.8 -0.0241979329779 0.961750184899 -0.985948117877
2.9 -0.0204394270222 0.967753109471 -0.988192536493
3.0 -0.0172484154091 0.972836575884 -0.990084991293
3.1 -0.0145426586121 0.977136675779 -0.991679334391
3.2 -0.0122510850634 0.980770374389 -0.993021459453
3.3 -0.0103124446097 0.983837972829 -0.994150417439
3.4 -0.00867408317898 0.98642530617 -0.995099389349
3.5 -0.00729083896129 0.988605692194 -0.995896531155
3.6 -0.00612405631084 0.990441648971 -0.996565705281
3.7 -0.00514071096236 0.99198640106 -0.997127112023
3.8 -0.00431263860693 0.993285194513 -0.997597833119
3.9 -0.00361585809987 0.994376440503 -0.997992298603
4.0 -0.00302998034072 0.99529270652 -0.99832268686
4.1 -0.00253769400438 0.996061572789 -0.998599266793
4.2 -0.0021243196851 0.996706370229 -0.998830689914
4.3 -0.00177742454927 0.997246814744 -0.999024239294
4.4 -0.00148649021042 0.997699551184 -0.999186041394
4.5 -0.00124262719315 0.998078618884 -0.999321246078
4.6 -0.00103833000901 0.998395849341 -0.99943417935
4.7 -0.000867267503117 0.998661205323 -0.999528472826
4.8 -0.000724103732456 0.998883069596 -0.999607173328
4.9 -0.000604345195746 0.999068490368 -0.999672835563
5.0 -0.00050421074719 0.999223389674 -0.999727600421
5.1 -0.00042052099008 0.999352740066 -0.999773261056
5.2 -0.000350604362518 0.999460714243 -0.999811318605
5.3 -0.000292217498085 0.999550811641 -0.999843029139
5.4 -0.000243477772115 0.999625965406 -0.999869443178
5.5 -0.000202806232675 0.999688632712 -0.999891438945
5.6 -0.000168879367801 0.999740870938 -0.999909750306
5.7 -0.000140588380735 0.999784401871 -0.999924990252
5.8 -0.000117004836067 0.999820665767 -0.999937670603
5.9 -9.73517052479e-05 0.999850866845 -0.99994821855
6.0 -8.09789828032e-05 0.999876011531 -0.999956990514
6.1 -6.73431676044e-05 0.999896940598 -0.999964283765
6.2 -5.59900091743e-05 0.999914356152 -0.999970346161
6.3 -4.65400095435e-05 0.999928844279 -0.999975384289
6.4 -3.86762485963e-05 0.999940894034 -0.999979570283
6.5 -3.21341669393e-05 0.999950913363 -0.999983047529
6.6 -2.66929966559e-05 0.999959242434 -0.999985935431
6.7 -2.2168578246e-05 0.999966164812 -0.99998833339
6.8 -1.84073427767e-05 0.999971916796 -0.999990324138
6.9 -1.52812728372e-05 0.999976695239 -0.999991976511
7.0 -1.26836851784e-05 0.999980664085 -0.99999334777
7.1 -1.05257027242e-05 0.999983959832 -0.999994485535
7.2 -8.73330460336e-06 0.999986696094 -0.999995429399
7.3 -7.24486057492e-06 0.999988967413 -0.999996212273
7.4 -6.00907116513e-06 0.999990852437 -0.999996861509
7.5 -4.98324744655e-06 0.999992416583 -0.99999739983
7.6 -4.13187500933e-06 0.999993714241 -0.999997846116
7.7 -3.42541561825e-06 0.999994790628 -0.999998216044
7.8 -2.83930757101e-06 0.999995683324 -0.999998522632
7.9 -2.35313209674e-06 0.999996423556 -0.999998776688
8.0 -1.94991844561e-06 0.999997037265 -0.999998987183
8.1 -1.61556477941e-06 0.999997545998 -0.999999161562
8.2 -1.33835571476e-06 0.999997967646 -0.999999306002
8.3 -1.10856050716e-06 0.999998317066 -0.999999425626
8.4 -9.18098493382e-07 0.999998606588 -0.999999524686
8.5 -7.60260611583e-07 0.999998846445 -0.999999606706
8.6 -6.29477661765e-07 0.999999045131 -0.999999674609
8.7 -5.21127511969e-07 0.999999209689 -0.999999730817
8.8 -4.31374745436e-07 0.999999345965 -0.999999777339
8.9 -3.57037322566e-07 0.999999458803 -0.999999815841
9.0 -2.95475732743e-07 0.999999552224 -0.9999998477
9.1 -2.44500863871e-07 0.99999962956 -0.999999874061
9.2 -2.02297446036e-07 0.999999693571 -0.999999895869
9.3 -1.67360450352e-07 0.999999746548 -0.999999913909
9.4 -1.38442261765e-07 0.999999790388 -0.99999992883
9.5 -1.1450880968e-07 0.999999826662 -0.999999941171
9.6 -9.47031446878e-08 0.999999856673 -0.999999951376
9.7 -7.83152033618e-08 0.999999881499 -0.999999959814
9.8 -6.47567145448e-08 0.999999902035 -0.999999966791
9.9 -5.35403766096e-08 0.999999919019 -0.999999972559
10.0 -4.42625818484e-08 0.999999933065 -0.999999977327
10.1 -3.65890862262e-08 0.999999944679 -0.999999981268
10.2 -3.02431243385e-08 0.999999954283 -0.999999984526
10.3 -2.49955539667e-08 0.999999962222 -0.999999987218
10.4 -2.06566849466e-08 0.999999968785 -0.999999989442
10.5 -1.70695055592e-08 0.999999974211 -0.99999999128
10.6 -1.4104068278e-08 0.999999978695 -0.999999992799
10.7 -1.16528371332e-08 0.9999999824 -0.999999994053
10.8 -9.62683254567e-09 0.999999985463 -0.99999999509
10.9 -7.95243739618e-09 0.999999987993 -0.999999995946
11.0 -6.56875128118e-09 0.999999990084 -0.999999996653
11.1 -5.42539916493e-09 0.999999991811 -0.999999997237
11.2 -4.48071662692e-09 0.999999993238 -0.999999997719
11.3 -3.70024717857e-09 0.999999994417 -0.999999998117
11.4 -3.05549814254e-09 0.99999999539 -0.999999998446
11.5 -2.52291073146e-09 0.999999996194 -0.999999998717
11.6 -2.08300755066e-09 0.999999996858 -0.999999998941
11.7 -1.71968704359e-09 0.999999997407 -0.999999999126
11.8 -1.41963961925e-09 0.999999997859 -0.999999999279
11.9 -1.17186453092e-09 0.999999998233 -0.999999999405
12.0 -9.67270164879e-10 0.999999998542 -0.999999999509
12.1 -7.98343374728e-10 0.999999998797 -0.999999999595
12.2 -6.58875963362e-10 0.999999999007 -0.999999999666
12.3 -5.43738459636e-10 0.999999999181 -0.999999999724
12.4 -4.48693030978e-10 0.999999999324 -0.999999999773
12.5 -3.70238777012e-10 0.999999999442 -0.999999999813
12.6 -3.05483812263e-10 0.99999999954 -0.999999999845
12.7 -2.52039509283e-10 0.99999999962 -0.999999999872
12.8 -2.07933071383e-10 0.999999999687 -0.999999999895
12.9 -1.7153526478e-10 0.999999999742 -0.999999999913
13.0 -1.41500687044e-10 0.999999999787 -0.999999999928
13.1 -1.16718401546e-10 0.999999999824 -0.999999999941
13.2 -9.62711425373e-11 0.999999999855 -0.999999999951
13.3 -7.94016057612e-11 0.999999999881 -0.99999999996
13.4 -6.54845962635e-11 0.999999999901 -0.999999999967
13.5 -5.40040175984e-11 0.999999999919 -0.999999999973
13.6 -4.45338624132e-11 0.999999999933 -0.999999999978
13.7 -3.67225098594e-11 0.999999999945 -0.999999999981
13.8 -3.02797556013e-11 0.999999999954 -0.999999999985
13.9 -2.49660997134e-11 0.999999999962 -0.999999999987
14.0 -2.05839000709e-11 0.999999999969 -0.99999999999
14.1 -1.69700669035e-11 0.999999999974 -0.999999999991
14.2 -1.39900304682e-11 0.999999999979 -0.999999999993
14.3 -1.15327603337e-11 0.999999999983 -0.999999999994
14.4 -9.50665323862e-12 0.999999999986 -0.999999999995
14.5 -7.83613829283e-12 0.999999999988 -0.999999999996
14.6 -6.45887457487e-12 0.99999999999 -0.999999999997
14.7 -5.32343790824e-12 0.999999999992 -0.999999999997
14.8 -4.3874115528e-12 0.999999999993 -0.999999999998
14.9 -3.61581038565e-12 0.999999999995 -0.999999999998
15.0 -2.97978040601e-12 0.999999999996 -0.999999999999
15.1 -2.45552552747e-12 0.999999999996 -0.999999999999
15.2 -2.02342198969e-12 0.999999999997 -0.999999999999
15.3 -1.66728763421e-12 0.999999999997 -0.999999999999
15.4 -1.37377899943e-12 0.999999999998 -0.999999999999
15.5 -1.13189390581e-12 0.999999999998 -0.999999999999
15.6 -9.32561097678e-13 0.999999999999 -1.0
15.7 -7.68301724536e-13 0.999999999999 -1.0
15.8 -6.32950101114e-13 0.999999999999 -1.0
15.9 -5.21423378532e-13 0.999999999999 -1.0
16.0 -4.29531569839e-13 0.999999999999 -1.0
16.1 -3.53820868189e-13 0.999999999999 -1.0
16.2 -2.91444430065e-13 1.0 -1.0
16.3 -2.40055814763e-13 1.0 -1.0
16.4 -1.97721112225e-13 1.0 -1.0
16.5 -1.62846485419e-13 1.0 -1.0
16.6 -1.34118426238e-13 1.0 -1.0
16.7 -1.10454496628e-13 1.0 -1.0
16.8 -9.09627167607e-14 1.0 -1.0
16.9 -7.49080839261e-14 1.0 -1.0
17.0 -6.16849714424e-14 1.0 -1.0
17.1 -5.07943759794e-14 1.0 -1.0
17.2 -4.18251624985e-14 1.0 -1.0
17.3 -3.44386051352e-14 1.0 -1.0
17.4 -2.83556453831e-14 1.0 -1.0
17.5 -2.33463904175e-14 1.0 -1.0
17.6 -1.92214580977e-14 1.0 -1.0
17.7 -1.58248442278e-14 1.0 -1.0
17.8 -1.3028044587e-14 1.0 -1.0
17.9 -1.07252112004e-14 1.0 -1.0
18.0 -8.8291610387e-15 1.0 -1.0
18.1 -7.26808726696e-15 1.0 -1.0
18.2 -5.98284948911e-15 1.0 -1.0
18.3 -4.92474114416e-15 1.0 -1.0
18.4 -4.05365010638e-15 1.0 -1.0
18.5 -3.33654329816e-15 1.0 -1.0
18.6 -2.74621828844e-15 1.0 -1.0
18.7 -2.26027487759e-15 1.0 -1.0
18.8 -1.86026793586e-15 1.0 -1.0
18.9 -1.53100957611e-15 1.0 -1.0
19.0 -1.25999435803e-15 1.0 -1.0
19.1 -1.03692584971e-15 1.0 -1.0
19.2 -8.53326954251e-16 1.0 -1.0
19.3 -7.02217639172e-16 1.0 -1.0
19.4 -5.77825520217e-16 1.0 -1.0
19.5 -4.75478213319e-16 1.0 -1.0
19.6 -3.93916203344e-16 1.0 -1.0
19.7 -3.24127351177e-16 1.0 -1.0
19.8 0 1.0 -1.0
19.9 0 1.0 -1.0
20.0 -0.64725028463 0.35274971537 -1.0
