0.0 0 0.0 0.0
0.1 -0.099667074851 -0.00027090323678 -0.0993961716142
0.2 -0.19605922669 -0.000443281932455 -0.195615944757
0.3 -0.28708881816 -0.000543945082325 -0.286544873078
0.4 -0.371532669997 -0.000593219761476 -0.370939450236
0.5 -0.448787258409 -0.000606420165928 -0.448180838243
0.6 -0.518684257997 -0.000594997056258 -0.51808926094
0.7 -0.581352596499 -0.000567435199543 -0.580785161299
0.8 -0.637116220011 -0.000529952400904 -0.63658626761
0.9 -0.686419154946 -0.000487042567423 -0.685932112379
1.0 -0.729771329906 -0.00044189637954 -0.729329433527
1.1 -0.767710093537 -0.000396726097658 -0.767313367439
1.2 -0.800773518199 -0.000353015435963 -0.800420502763
1.3 -0.829482481104 -0.000311710996831 -0.829170770107
1.4 -0.854329217941 -0.000273368241849 -0.854055849699
1.5 -0.875770591272 -0.000238262191435 -0.87553232908
1.6 -0.8942247405 -0.000206470843905 -0.894018269656
1.7 -0.910070108674 -0.000177937566796 -0.909892171107
1.8 -0.92364609449 -0.000152517342795 -0.923493577148
1.9 -0.935254772291 -0.000130010673512 -0.935124761617
2.0 -0.94516327143 -0.000110188096021 -0.945053083334
2.1 -0.953606519458 -9.28076013871e-05 -0.953513711857
2.2 -0.960790139033 -7.76267228931e-05 -0.96071251231
2.3 -0.966893352697 -6.44106540627e-05 -0.966828942043
2.4 -0.972071797472 -5.29374386314e-05 -0.972018860033
2.5 -0.97646018653 -4.30010272481e-05 -0.976417185503
2.6 -0.980174780889 -3.44128037648e-05 -0.980140368085
2.7 -0.983315652548 -2.70020355108e-05 -0.983288650512
2.8 -0.985968733465 -2.06155874948e-05 -0.985948117877
2.9 -0.988207653646 -1.51171525951e-05 -0.988192536493
3.0 -0.990095377476 -1.03861826009e-05 -0.990084991293
3.1 -0.991685651045 -6.31665385409e-06 -0.991679334391
3.2 -0.993024275215 -2.81576257755e-06 -0.993021459453
3.3 -0.994150220054 1.97384057765e-07 -0.994150417439
3.4 -0.995096596313 2.79303671369e-06 -0.995099389349
3.5 -0.995891499151 5.03200405955e-06 -0.995896531155
3.6 -0.996558738514 6.96676752387e-06 -0.996565705281
3.7 -0.997118469521 8.6425021556e-06 -0.997127112023
3.8 -0.997587735118 1.00980010048e-05 -0.997597833119
3.9 -0.997980932099 1.13665044571e-05 -0.997992298603
4.0 -0.998310210422 1.24764386045e-05 -0.99832268686
4.1 -0.998585814725 1.34520683825e-05 -0.998599266793
4.2 -0.998816375842 1.43140721094e-05 -0.998830689914
4.3 -0.999009159249 1.50800444622e-05 -0.999024239294
4.4 -0.99917027646 1.57649349565e-05 -0.999186041394
4.5 -0.999304864649 1.63814287839e-05 -0.999321246078
4.6 -0.999417239073 1.69402764971e-05 -0.99943417935
4.7 -0.999511022248 1.74505785743e-05 -0.999528472826
4.8 -0.999589253298 1.7920030387e-05 -0.999607173328
4.9 -0.999654480431 1.83551325773e-05 -0.999672835563
5.0 -0.99970883905 1.87613713341e-05 -0.999727600421
5.1 -0.999754117683 1.91433725701e-05 -0.999773261056
5.2 -0.999791813572 1.95050335371e-05 -0.999811318605
5.3 -0.999823179504 1.98496349924e-05 -0.999843029139
5.4 -0.999849263242 2.0179936644e-05 -0.999869443178
5.5 -0.999870940687 2.04982582505e-05 -0.999891438945
5.6 -0.999888943758 2.08065484388e-05 -0.999909750306
5.7 -0.999903883809 2.1106443031e-05 -0.999924990252
5.8 -0.999916271289 2.1399314418e-05 -0.999937670603
5.9 -0.999926532237 2.16863133133e-05 -0.99994821855
6.0 -0.99993502211 2.1968404025e-05 -0.999956990514
6.1 -0.999942037371 2.22463942235e-05 -0.999964283765
6.2 -0.999947825201 2.25209600436e-05 -0.999970346161
6.3 -0.999952591622 2.27926672319e-05 -0.999975384289
6.4 -0.999956508294 2.30619889504e-05 -0.999979570283
6.5 -0.999959718209 2.33293207519e-05 -0.999983047529
6.6 -0.999962340438 2.35949931692e-05 -0.999985935431
6.7 -0.999964474108 2.385928229e-05 -0.99998833339
6.8 -0.99996620172 2.41224186345e-05 -0.999990324138
6.9 -0.999967591917 2.43845946037e-05 -0.999991976511
7.0 -0.9999687018 2.46459707244e-05 -0.99999334777
7.1 -0.999969578854 2.49066808825e-05 -0.999994485535
7.2 -0.999970262562 2.51668367072e-05 -0.999995429399
7.3 -0.999970785742 2.54265312402e-05 -0.999996212273
7.4 -0.999971175667 2.56858420067e-05 -0.999996861509
7.5 -0.999971454997 2.59448335835e-05 -0.99999739983
7.6 -0.999971642556 2.62035597458e-05 -0.999997846116
7.7 -0.999971753978 2.64620652611e-05 -0.999998216044
7.8 -0.999971802244 2.67203873883e-05 -0.999998522632
7.9 -0.999971798131 2.69785571286e-05 -0.999998776688
8.0 -0.999971750583 2.72366002698e-05 -0.999998987183
8.1 -0.999971667024 2.74945382581e-05 -0.999999161562
8.2 -0.999971553613 2.77523889244e-05 -0.999999306002
8.3 -0.999971415459 2.80101670902e-05 -0.999999425626
8.4 -0.999971256801 2.8267885073e-05 -0.999999524686
8.5 -0.999971081153 2.85255531073e-05 -0.999999606706
8.6 -0.999970891429 2.87831796942e-05 -0.999999674609
8.7 -0.999970690045 2.90407718946e-05 -0.999999730817
8.8 -0.999970479004 2.9298335571e-05 -0.999999777339
8.9 -0.999970259965 2.95558755905e-05 -0.999999815841
9.0 -0.999970034304 2.98133959933e-05 -0.9999998477
9.1 -0.99996980316 3.00709001317e-05 -0.999999874061
9.2 -0.999969567478 3.03283907875e-05 -0.999999895869
9.3 -0.999969328038 3.05858702686e-05 -0.999999913909
9.4 -0.999969085489 3.08433404888e-05 -0.99999992883
9.5 -0.999968840368 3.11008030355e-05 -0.999999941171
9.6 -0.999968593117 3.13582592248e-05 -0.999999951376
9.7 -0.999968344104 3.1615710148e-05 -0.999999959814
9.8 -0.999968093635 3.18731567094e-05 -0.999999966791
9.9 -0.99996784196 3.21305996587e-05 -0.999999972559
10.0 -0.999967589288 3.2388039617e-05 -0.999999977327
10.1 -0.999967335791 3.26454770991e-05 -0.999999981268
10.2 -0.999967081613 3.29029125312e-05 -0.999999984526
10.3 -0.999966826871 3.31603462665e-05 -0.999999987218
10.4 -0.999966571663 3.34177785977e-05 -0.999999989442
10.5 -0.99996631607 3.36752097665e-05 -0.99999999128
10.6 -0.999966060159 3.39326399739e-05 -0.999999992799
10.7 -0.999965803984 3.41900693857e-05 -0.999999994053
10.8 -0.999965547591 3.44474981393e-05 -0.99999999509
10.9 -0.999965291019 3.47049263486e-05 -0.999999995946
11.0 -0.999965034299 3.49623541075e-05 -0.999999996653
11.1 -0.999964777455 3.52197814941e-05 -0.999999997237
11.2 -0.99996452051 3.54772085728e-05 -0.999999997719
11.3 -0.999964263482 3.57346353967e-05 -0.999999998117
11.4 -0.999964006384 3.59920620103e-05 -0.999999998446
11.5 -0.999963749229 3.62494884498e-05 -0.999999998717
11.6 -0.999963492027 3.65069147454e-05 -0.999999998941
11.7 -0.999963234785 3.67643409223e-05 -0.999999999126
11.8 -0.999962977512 3.70217670007e-05 -0.999999999279
11.9 -0.999962720212 3.7279192998e-05 -0.999999999405
12.0 -0.99996246289 3.75366189281e-05 -0.999999999509
12.1 -0.99996220555 3.7794044803e-05 -0.999999999595
12.2 -0.999961948195 3.8051470632e-05 -0.999999999666
12.3 -0.999961690828 3.83088964231e-05 -0.999999999724
12.4 -0.999961433451 3.8566322183e-05 -0.999999999773
12.5 -0.999961176065 3.88237479171e-05 -0.999999999813
12.6 -0.999960918672 3.90811736298e-05 -0.999999999845
12.7 -0.999960661273 3.9338599325e-05 -0.999999999872
12.8 -0.99996040387 3.95960250056e-05 -0.999999999895
12.9 -0.999960146463 3.98534506743e-05 -0.999999999913
13.0 -0.999959889052 4.01108763329e-05 -0.999999999928
13.1 -0.999959631639 4.03683019835e-05 -0.999999999941
13.2 -0.999959374224 4.06257276273e-05 -0.999999999951
13.3 -0.999959116807 4.08831532656e-05 -0.99999999996
13.4 -0.999958859388 4.11405788991e-05 -0.999999999967
13.5 -0.999958601968 4.1398004529e-05 -0.999999999973
13.6 -0.999958344547 4.16554301557e-05 -0.999999999978
13.7 -0.999958087126 4.19128557798e-05 -0.999999999981
13.8 -0.999957829703 4.21702814017e-05 -0.999999999985
13.9 -0.99995757228 4.2427707022e-05 -0.999999999987
14.0 -0.999957314857 4.26851326408e-05 -0.99999999999
14.1 -0.999957057433 4.29425582584e-05 -0.999999999991
14.2 -0.999956800009 4.3199983875e-05 -0.999999999993
14.3 -0.999956542585 4.34574094909e-05 -0.999999999994
14.4 -0.99995628516 4.3714835106e-05 -0.999999999995
14.5 -0.999956027735 4.39722607205e-05 -0.999999999996
14.6 -0.99995577031 4.42296863347e-05 -0.999999999997
14.7 -0.999955512885 4.44871119484e-05 -0.999999999997
14.8 -0.99995525546 4.47445375618e-05 -0.999999999998
14.9 -0.999954998035 4.50019631748e-05 -0.999999999998
15.0 -0.99995474061 4.52593887877e-05 -0.999999999999
15.1 -0.999954483184 4.55168144006e-05 -0.999999999999
15.2 -0.999954225759 4.57742400132e-05 -0.999999999999
15.3 -0.999953968334 4.60316656258e-05 -0.999999999999
15.4 -0.999953710908 4.62890912383e-05 -0.999999999999
15.5 -0.999953453483 4.65465168507e-05 -0.999999999999
15.6 -0.999953196057 4.68039424629e-05 -1.0
15.7 -0.999952938632 4.70613680751e-05 -1.0
15.8 -0.999952681206 4.73187936872e-05 -1.0
15.9 -0.99995242378 4.75762192994e-05 -1.0
16.0 -0.999952166355 4.78336449117e-05 -1.0
16.1 -0.999951908929 4.80910705238e-05 -1.0
16.2 -0.999951651504 4.8348496136e-05 -1.0
16.3 -0.999951394078 4.86059217482e-05 -1.0
16.4 -0.999951136653 4.88633473603e-05 -1.0
16.5 -0.999950879227 4.91207729726e-05 -1.0
16.6 -0.999950621801 4.93781985847e-05 -1.0
16.7 -0.999950364376 4.9635624197e-05 -1.0
16.8 -0.99995010695 4.98930498093e-05 -1.0
16.9 -0.999949849525 5.01504754215e-05 -1.0
17.0 -0.999949592099 5.04079010337e-05 -1.0
17.1 -0.999949334673 5.06653266459e-05 -1.0
17.2 -0.999949077248 5.09227522582e-05 -1.0
17.3 -0.999948819822 5.11801778703e-05 -1.0
17.4 -0.999948562397 5.14376034825e-05 -1.0
17.5 -0.999948304971 5.16950290947e-05 -1.0
17.6 -0.999948047545 5.1952454707e-05 -1.0
17.7 -0.99994779012 5.22098803192e-05 -1.0
17.8 -0.999947532694 5.24673059313e-05 -1.0
17.9 -0.999947275268 5.27247315436e-05 -1.0
18.0 -0.999947017843 5.29821571558e-05 -1.0
18.1 -0.999946760417 5.3239582768e-05 -1.0
18.2 -0.999946502992 5.34970083803e-05 -1.0
18.3 -0.999946245566 5.37544339926e-05 -1.0
18.4 -0.99994598814 5.40118596049e-05 -1.0
18.5 -0.999945730715 5.42692852171e-05 -1.0
18.6 -0.999945473289 5.45267108295e-05 -1.0
18.7 -0.999945215864 5.47841364418e-05 -1.0
18.8 -0.999944958438 5.5041562054e-05 -1.0
18.9 -0.999944701012 5.52989876662e-05 -1.0
19.0 -0.999944443587 5.55564132784e-05 -1.0
19.1 -0.999944186161 5.58138388905e-05 -1.0
19.2 -0.999943928735 5.60712645027e-05 -1.0
19.3 -0.99994367131 5.63286901148e-05 -1.0
19.4 -0.999943413884 5.65861157269e-05 -1.0
19.5 -0.999943156459 5.68435413391e-05 -1.0
19.6 -0.999942899033 5.71009669511e-05 -1.0
19.7 -0.999942641607 5.73583925633e-05 -1.0
19.8 -0.999942384182 5.76158181753e-05 -1.0
19.9 -0.999942126756 5.78732437874e-05 -1.0
20.0 -0.999941869331 5.81306693994e-05 -1.0
