0.0 0.114536604328 0.114536604328
0.01 0.149181759303 0.159181099263
0.02 0.182409965266 0.20240473733
0.03 0.21426375305 0.244246283459
0.04 0.244784524732 0.28474352449
0.05 0.274012581652 0.323933292715
0.06 0.30198715178 0.36185148886
0.07 0.328746416414 0.398533104537
0.08 0.354327536257 0.434012244174
0.09 0.378766676861 0.468322146423
0.1 0.402099033467 0.501495205081
0.11 0.424358855253 0.533562989515
0.12 0.445579469003 0.564556264608
0.13 0.4657933022 0.594505010242
0.14 0.485031905582 0.623438440323
0.15 0.503325975145 0.651385021361
0.16 0.52070537362 0.678372490614
0.17 0.537199151442 0.70442787381
0.18 0.552835567206 0.729577502442
0.19 0.567642107637 0.753847030674
0.2 0.581645507078 0.777261451835
0.21 0.59487176651 0.799845114534
0.22 0.607346172111 0.821621738389
0.23 0.619093313369 0.842614429395
0.24 0.630137100761 0.862845694921
0.25 0.640500783 0.882337458359
0.26 0.650206963868 0.901111073425
0.27 0.659277618641 0.919187338126
0.28 0.667734110118 0.936586508391
0.29 0.675597204258 0.953328311389
0.3 0.682887085445 0.969431958523
0.31 0.68962337137 0.984916158121
0.32 0.695825127568 0.999799127831
0.33 0.701510881587 1.01409860671
0.34 0.706698636818 1.02783186705
0.35 0.711405885995 1.04101572588
0.36 0.715649624352 1.05366655625
0.37 0.71944636247 1.06580029821
0.38 0.722812138805 1.07743246953
0.39 0.725762531917 1.0885781762
0.4 0.728312672386 1.09925212262
0.41 0.730477254452 1.1094686216
0.42 0.73227054736 1.11924160409
0.43 0.73370640643 1.12858462872
0.44 0.734798283852 1.13751089103
0.45 0.735559239224 1.1460332326
0.46 0.736001949819 1.15416414984
0.47 0.73613872061 1.16191580263
0.48 0.735981494043 1.1693000228
0.49 0.735541859564 1.17632832228
0.5 0.734831062925 1.18301190117
0.51 0.733860015244 1.18936165558
0.52 0.73263930185 1.19538818527
0.53 0.731179190909 1.2011018011
0.54 0.729489641832 1.20651253234
0.55 0.727580313476 1.21163013374
0.56 0.725460572143 1.21646409253
0.57 0.72313949938 1.22102363513
0.58 0.720625899579 1.22531773378
0.59 0.717928307397 1.22935511302
0.6 0.715054994985 1.23314425593
0.61 0.712013979036 1.23669341029
0.62 0.708813027659 1.2400105946
0.63 0.705459667081 1.24310360389
0.64 0.701961188181 1.24598001544
0.65 0.698324652855 1.24864719435
0.66 0.694556900234 1.25111229897
0.67 0.690664552727 1.2533822862
0.68 0.686654021931 1.25546391665
0.69 0.682531514378 1.25736375971
0.7 0.678303037145 1.25908819844
0.71 0.673974403315 1.26064343442
0.72 0.66955123731 1.26203549238
0.73 0.665038980081 1.2632702248
0.74 0.660442894166 1.26435331638
0.75 0.655768068626 1.26529028837
0.76 0.651019423851 1.26608650282
0.77 0.646201716242 1.26674716672
0.78 0.641319542779 1.26727733604
0.79 0.636377345468 1.26768191968
0.8 0.631379415676 1.26796568329
0.81 0.626329898357 1.26813325302
0.82 0.621232796163 1.26818911919
0.83 0.616091973461 1.26813763988
0.84 0.610911160234 1.26798304432
0.85 0.605693955892 1.26772943639
0.86 0.600443832977 1.26738079786
0.87 0.59516414078 1.26694099163
0.88 0.589858108855 1.26641376487
0.89 0.584528850455 1.26580275212
0.9 0.579179365864 1.26511147824
0.91 0.573812545657 1.26434336137
0.92 0.568431173862 1.26350171574
0.93 0.563037931051 1.26258975444
0.94 0.557635397344 1.26161059218
0.95 0.552226055335 1.26056724785
0.96 0.546812292943 1.25946264717
0.97 0.541396406191 1.25829962513
0.98 0.535980601905 1.25708092848
0.99 0.530567000347 1.2558092181
1.0 0.525157637781 1.25448707131
1.01 0.519754468963 1.25311698415
1.02 0.514359369575 1.2517013736
1.03 0.508974138589 1.2502425797
1.04 0.503600500568 1.24874286768
1.05 0.498240107909 1.24720442999
1.06 0.492894543024 1.24562938829
1.07 0.487565320463 1.24401979541
1.08 0.482253888983 1.24237763722
1.09 0.476961633559 1.24070483452
1.1 0.471689877341 1.23900324478
1.11 0.466439883558 1.23727466394
1.12 0.461212857379 1.23552082809
1.13 0.456009947707 1.23374341518
1.14 0.450832248943 1.23194404657
1.15 0.445680802691 1.23012428869
1.16 0.440556599418 1.22828565451
1.17 0.435460580073 1.22642960511
1.18 0.430393637661 1.22455755109
1.19 0.425356618769 1.22267085402
1.2 0.420350325055 1.22077082782
1.21 0.4153755147 1.21885874012
1.22 0.410432903809 1.21693581356
1.23 0.405523167784 1.21500322713
1.24 0.400646942653 1.21306211733
1.25 0.395804826368 1.21111357946
1.26 0.390997380059 1.2091586688
1.27 0.38622512926 1.20719840174
1.28 0.3814885651 1.20523375689
1.29 0.376788145458 1.20326567625
1.3 0.372124296085 1.20129506619
1.31 0.367497411702 1.19932279857
1.32 0.362907857057 1.19734971169
1.33 0.358355967961 1.1953766113
1.34 0.353842052288 1.19340427157
1.35 0.349366390952 1.19143343601
1.36 0.344929238851 1.1894648184
1.37 0.340530825792 1.18749910366
1.38 0.33617135738 1.18553694868
1.39 0.331851015888 1.18357898326
1.4 0.327569961102 1.1816258108
1.41 0.323328331138 1.17967800921
1.42 0.319126243237 1.1777361316
1.43 0.31496379454 1.1758007071
1.44 0.310841062838 1.17387224152
1.45 0.306758107296 1.17195121816
1.46 0.302714969166 1.17003809841
1.47 0.298711672469 1.16813332248
1.48 0.294748224662 1.16623731007
1.49 0.290824617287 1.16435046096
1.5 0.286940826595 1.16247315568
1.51 0.283096814158 1.16060575607
1.52 0.279292527455 1.15874860593
1.53 0.275527900451 1.15690203154
1.54 0.27180285415 1.15506634226
1.55 0.268117297132 1.15324183103
1.56 0.26447112608 1.15142877493
1.57 0.260864226285 1.14962743568
1.58 0.257296472137 1.14783806015
1.59 0.253767727603 1.14606088084
1.6 0.250277846688 1.14429611634
1.61 0.246826673886 1.14254397183
1.62 0.243414044607 1.14080463945
1.63 0.240039785606 1.13907829882
1.64 0.236703715383 1.13736511741
1.65 0.233405644584 1.13566525097
1.66 0.230145376379 1.13397884391
1.67 0.226922706834 1.13230602972
1.68 0.22373742527 1.1306469313
1.69 0.220589314606 1.12900166137
1.7 0.217478151703 1.12737032281
1.71 0.214403707682 1.125753009
1.72 0.211365748241 1.12414980415
1.73 0.20836403396 1.12256078365
1.74 0.205398320597 1.12098601437
1.75 0.202468359369 1.11942555496
1.76 0.199573897232 1.11787945617
1.77 0.196714677142 1.11634776112
1.78 0.193890438318 1.11483050561
1.79 0.191100916488 1.11332771836
1.8 0.18834584413 1.11183942128
1.81 0.185624950704 1.11036562976
1.82 0.182937962877 1.10890635289
1.83 0.18028460474 1.10746159372
1.84 0.177664598015 1.10603134948
1.85 0.175077662259 1.10461561182
1.86 0.172523515061 1.10321436702
1.87 0.170001872224 1.10182759624
1.88 0.16751244795 1.10045527567
1.89 0.165054955018 1.0990973768
1.9 0.162629104946 1.09775386656
1.91 0.160234608156 1.09642470755
1.92 0.157871174135 1.09510985821
1.93 0.155538511578 1.09380927298
1.94 0.153236328537 1.0925229025
1.95 0.150964332564 1.0912506938
1.96 0.148722230839 1.0899925904
1.97 0.146509730303 1.08874853251
1.98 0.144326537782 1.08751845719
1.99 0.142172360105 1.08630229849
2.0 0.140046904221 1.08509998756
2.01 0.137949877309 1.08391145284
2.02 0.13588098688 1.08273662019
2.03 0.133839940884 1.08157541296
2.04 0.131826447805 1.08042775222
2.05 0.129840216751 1.07929355678
2.06 0.127880957551 1.07817274336
2.07 0.125948380833 1.07706522671
2.08 0.124042198113 1.07597091972
2.09 0.122162121865 1.07488973348
2.1 0.120307865605 1.07382157746
2.11 0.118479143956 1.07276635955
2.12 0.116675672721 1.07172398617
2.13 0.114897168943 1.0706943624
2.14 0.113143350974 1.06967739202
2.15 0.111413938526 1.06867297764
2.16 0.109708652737 1.06768102074
2.17 0.108027216216 1.06670142181
2.18 0.106369353098 1.06573408037
2.19 0.104734789094 1.06477889509
2.2 0.103123251531 1.06383576384
2.21 0.101534469403 1.06290458377
2.22 0.0999681734045 1.06198525137
2.23 0.098424095976 1.06107766256
2.24 0.0969019713358 1.06018171271
2.25 0.0954015355165 1.05929729677
2.26 0.0939225263969 1.05842430924
2.27 0.0924646837326 1.0575626443
2.28 0.0910277491842 1.05671219585
2.29 0.089611466344 1.05587285753
2.3 0.088215580761 1.0550445228
2.31 0.0868398399635 1.054227085
2.32 0.085483993481 1.05342043736
2.33 0.0841477928634 1.05262447307
2.34 0.0828309916998 1.05183908532
2.35 0.0815333456344 1.05106416734
2.36 0.0802546123826 1.05029961246
2.37 0.078994551744 1.0495453141
2.38 0.0777529256154 1.04880116585
2.39 0.0765294980017 1.0480670615
2.4 0.0753240350257 1.04734289506
2.41 0.0741363049369 1.04662856079
2.42 0.0729660781191 1.04592395326
2.43 0.0718131270962 1.04522896735
2.44 0.0706772265383 1.04454349828
2.45 0.0695581532651 1.04386744167
2.46 0.0684556862497 1.04320069352
2.47 0.0673696066205 1.04254315027
2.48 0.0662996976626 1.04189470881
2.49 0.0652457448181 1.04125526649
2.5 0.0642075356861 1.04062472119
2.51 0.0631848600208 1.04000297127
2.52 0.0621775097296 1.03938991565
2.53 0.0611852788707 1.03878545379
2.54 0.060207963649 1.03818948573
2.55 0.0592453624119 1.0376019121
2.56 0.0582972756446 1.03702263414
2.57 0.0573635059643 1.03645155369
2.58 0.0564438581143 1.03588857324
2.59 0.0555381389566 1.03533359593
2.6 0.0546461574651 1.03478652555
2.61 0.0537677247176 1.03424726657
2.62 0.0529026538871 1.03371572414
2.63 0.0520507602331 1.0331918041
2.64 0.0512118610924 1.03267541301
2.65 0.0503857758688 1.03216645811
2.66 0.0495723260234 1.03166484739
2.67 0.0487713350635 1.03117048956
2.68 0.0479826285318 1.03068329406
2.69 0.0472060339948 1.03020317107
2.7 0.0464413810316 1.02973003154
2.71 0.0456885012208 1.02926378716
2.72 0.0449472281293 1.02880435036
2.73 0.0442173972986 1.02835163437
2.74 0.0434988462325 1.02790555316
2.75 0.0427914143837 1.02746602149
2.76 0.0420949431402 1.02703295488
2.77 0.0414092758115 1.02660626963
2.78 0.0407342576154 1.02618588283
2.79 0.0400697356627 1.02577171235
2.8 0.0394155589442 1.02536367682
2.81 0.0387715783151 1.02496169569
2.82 0.0381376464811 1.02456568917
2.83 0.0375136179832 1.02417557826
2.84 0.0368993491829 1.02379128476
2.85 0.0362946982474 1.02341273124
2.86 0.0356995251337 1.02303984105
2.87 0.0351136915742 1.02267253835
2.88 0.0345370610607 1.02231074806
2.89 0.033969498829 1.02195439589
2.9 0.0334108718437 1.02160340834
2.91 0.0328610487823 1.02125771267
2.92 0.0323199000194 1.02091723693
2.93 0.0317872976113 1.02058190994
2.94 0.0312631152802 1.0202516613
2.95 0.030747228398 1.01992642136
2.96 0.0302395139709 1.01960612127
2.97 0.0297398506235 1.01929069291
2.98 0.0292481185826 1.01898006893
2.99 0.0287641996618 1.01867418276
3.0 0.0282879772452 1.01837296854
3.01 0.0278193362718 1.0180763612
3.02 0.0273581632196 1.01778429639
3.03 0.0269043460898 1.01749671051
3.04 0.0264577743908 1.01721354071
3.05 0.0260183391226 1.01693472486
3.06 0.0255859327612 1.01666020155
3.07 0.0251604492423 1.01638991012
3.08 0.0247417839464 1.0161237906
3.09 0.0243298336827 1.01586178376
3.1 0.0239244966736 1.01560383106
3.11 0.0235256725394 1.0153498747
3.12 0.0231332622824 1.01509985753
3.13 0.0227471682722 1.01485372313
3.14 0.0223672942297 1.01461141577
3.15 0.0219935452123 1.01437288039
3.16 0.0216258275984 1.01413806261
3.17 0.0212640490728 1.01390690875
3.18 0.0209081186111 1.01367936576
3.19 0.0205579464652 1.01345538128
3.2 0.020213444148 1.0132349036
3.21 0.0198745244193 1.01301788167
3.22 0.0195411012705 1.01280426508
3.23 0.0192130899103 1.01259400406
3.24 0.0188904067503 1.01238704947
3.25 0.0185729693905 1.01218335282
3.26 0.0182606966049 1.01198286623
3.27 0.0179535083274 1.01178554244
3.28 0.0176513256379 1.0115913348
3.29 0.0173540707481 1.01140019727
3.3 0.0170616669875 1.01121208443
3.31 0.0167740387901 1.01102695141
3.32 0.0164911116802 1.01084475399
3.33 0.016212812259 1.01066544848
3.34 0.0159390681916 1.01048899179
3.35 0.0156698081928 1.01031534142
3.36 0.0154049620147 1.0101444554
3.37 0.0151444604331 1.00997629236
3.38 0.0148882352348 1.00981081145
3.39 0.0146362192042 1.0096479724
3.4 0.0143883461111 1.00948773546
3.41 0.0141445506979 1.00933006143
3.42 0.0139047686668 1.00917491164
3.43 0.0136689366675 1.00902224795
3.44 0.0134369922852 1.00887203272
3.45 0.0132088740277 1.00872422887
3.46 0.0129845213141 1.00857879978
3.47 0.0127638744623 1.00843570936
3.48 0.0125468746773 1.00829492202
3.49 0.0123334640397 1.00815640266
3.5 0.0121235854937 1.00802011665
3.51 0.0119171828357 1.00788602986
3.52 0.0117142007032 1.00775410864
3.53 0.0115145845633 1.0076243198
3.54 0.0113182807015 1.00749663061
3.55 0.0111252362108 1.00737100881
3.56 0.0109353989808 1.0072474226
3.57 0.0107487176866 1.00712584061
3.58 0.0105651417787 1.00700623192
3.59 0.0103846214719 1.00688856608
3.6 0.0102071077349 1.00677281302
3.61 0.0100325522803 1.00665894313
3.62 0.00986090755409 1.00654692722
3.63 0.00969212672558 1.00643673652
3.64 0.00952616367745 1.00632834266
3.65 0.00936297299582 1.00622171769
3.66 0.00920250996048 1.00611683406
3.67 0.00904473053526 1.0060136646
3.68 0.00888959135844 1.00591218257
3.69 0.0087370497333 1.00581236158
3.7 0.00858706361883 1.00571417564
3.71 0.00843959162045 1.00561759915
3.72 0.00829459298093 1.00552260685
3.73 0.00815202757136 1.00542917388
3.74 0.00801185588228 1.00533727573
3.75 0.00787403901483 1.00524688826
3.76 0.00773853867209 1.00515798766
3.77 0.00760531715052 1.00507055049
3.78 0.00747433733141 1.00498455367
3.79 0.00734556267257 1.00489997441
3.8 0.00721895720001 1.00481679032
3.81 0.00709448549978 1.00473497929
3.82 0.00697211270989 1.00465451957
3.83 0.00685180451235 1.00457538972
3.84 0.00673352712529 1.00449756862
3.85 0.00661724729516 1.00442103546
3.86 0.0065029322891 1.00434576975
3.87 0.0063905498873 1.00427175132
3.88 0.00628006837558 1.00419896026
3.89 0.00617145653795 1.004127377
3.9 0.00606468364932 1.00405698225
3.91 0.00595971946832 1.00398775701
3.92 0.0058565342302 1.00391968255
3.93 0.00575509863976 1.00385274045
3.94 0.00565538386447 1.00378691256
3.95 0.00555736152763 1.003722181
3.96 0.00546100370161 1.00365852816
3.97 0.00536628290118 1.0035959367
3.98 0.00527317207697 1.00353438955
3.99 0.00518164460897 1.00347386989
4.0 0.00509167430013 1.00341436116
4.01 0.00500323537006 1.00335584706
4.02 0.00491630244878 1.00329831152
4.03 0.00483085057059 1.00324173874
4.04 0.00474685516801 1.00318611315
4.05 0.00466429206577 1.00313141942
4.06 0.00458313747497 1.00307764245
4.07 0.00450336798717 1.00302476739
4.08 0.00442496056874 1.0029727796
4.09 0.00434789255514 1.00292166468
4.1 0.00427214164535 1.00287140844
4.11 0.00419768589635 1.00282199691
4.12 0.0041245037177 1.00277341636
4.13 0.00405257386619 1.00272565324
4.14 0.00398187544053 1.00267869423
4.15 0.00391238787613 1.00263252622
4.16 0.00384409094001 1.00258713628
4.17 0.00377696472569 1.00254251171
4.18 0.00371098964819 1.00249864
4.19 0.00364614643912 1.00245550882
4.2 0.00358241614184 1.00241310606
4.21 0.00351978010661 1.00237141977
4.22 0.00345821998594 1.0023304382
4.23 0.00339771772987 1.0022901498
4.24 0.00333825558143 1.00225054318
4.25 0.00327981607206 1.00221160713
4.26 0.00322238201723 1.00217333064
4.27 0.00316593651195 1.00213570284
4.28 0.0031104629265 1.00209871306
4.29 0.00305594490215 1.00206235077
4.3 0.00300236634691 1.00202660564
4.31 0.00294971143143 1.00199146748
4.32 0.00289796458488 1.00195692626
4.33 0.0028471104909 1.00192297214
4.34 0.00279713408369 1.00188959538
4.35 0.00274802054404 1.00185678646
4.36 0.00269975529547 1.00182453595
4.37 0.00265232400045 1.00179283462
4.38 0.00260571255666 1.00176167336
4.39 0.00255990709328 1.00173104321
4.4 0.00251489396733 1.00170093536
4.41 0.00247065976014 1.00167134113
4.42 0.00242719127376 1.00164225199
4.43 0.00238447552752 1.00161365953
4.44 0.00234249975459 1.00158555549
4.45 0.00230125139857 1.00155793175
4.46 0.00226071811023 1.00153078029
4.47 0.00222088774416 1.00150409325
4.48 0.00218174835556 1.00147786289
4.49 0.00214328819709 1.00145208156
4.5 0.00210549571569 1.00142674179
4.51 0.00206835954952 1.00140183619
4.52 0.00203186852491 1.00137735751
4.53 0.00199601165336 1.00135329859
4.54 0.00196077812856 1.00132965242
4.55 0.00192615732357 1.00130641209
4.56 0.00189213878784 1.00128357078
4.57 0.00185871224447 1.00126112182
4.58 0.00182586758741 1.00123905862
4.59 0.00179359487872 1.0012173747
4.6 0.00176188434586 1.0011960637
4.61 0.00173072637908 1.00117511934
4.62 0.00170011152875 1.00115453547
4.63 0.00167003050283 1.00113430602
4.64 0.0016404741643 1.00111442503
4.65 0.00161143352871 1.00109488662
4.66 0.00158289976166 1.00107568503
4.67 0.00155486417643 1.00105681457
4.68 0.00152731823158 1.00103826967
4.69 0.0015002535286 1.00102004483
4.7 0.00147366180958 1.00100213464
4.71 0.00144753495498 1.00098453378
4.72 0.00142186498135 1.00096723704
4.73 0.00139664403913 1.00095023927
4.74 0.00137186441049 1.00093353541
4.75 0.00134751850718 1.00091712049
4.76 0.00132359886845 1.0009009896
4.77 0.00130009815893 1.00088513795
4.78 0.00127700916662 1.00086956079
4.79 0.00125432480088 1.00085425347
4.8 0.00123203809045 1.00083921142
4.81 0.00121014218149 1.00082443012
4.82 0.00118863033569 1.00080990516
4.83 0.00116749592833 1.00079563217
4.84 0.0011467324465 1.00078160686
4.85 0.0011263334872 1.00076782504
4.86 0.00110629275558 1.00075428255
4.87 0.00108660406315 1.00074097532
4.88 0.00106726132604 1.00072789935
4.89 0.00104825856331 1.00071505068
4.9 0.00102958989519 1.00070242546
4.91 0.00101124954151 1.00069001986
4.92 0.000993231819984 1.00067783014
4.93 0.000975531144636 1.00066585261
4.94 0.000958142024212 1.00065408365
4.95 0.000941059060615 1.0006425197
4.96 0.000924276947364 1.00063115725
4.97 0.000907790468092 1.00061999286
4.98 0.000891594495049 1.00060902313
4.99 0.000875683987643 1.00059824474
5.0 0.000860053990998 1.00058765441
5.01 0.000844699634535 1.00057724892
5.02 0.000829616130576 1.0005670251
5.03 0.000814798772971 1.00055697983
5.04 0.00080024293575 1.00054711006
5.05 0.000785944071784 1.00053741276
5.06 0.000771897711488 1.00052788499
5.07 0.000758099461524 1.00051852383
5.08 0.000744545003537 1.00050932641
5.09 0.000731230092909 1.00050028993
5.1 0.000718150557531 1.00049141161
5.11 0.000705302296595 1.00048268874
5.12 0.000692681279408 1.00047411864
5.13 0.000680283544222 1.00046569868
5.14 0.000668105197084 1.00045742627
5.15 0.000656142410705 1.00044929888
5.16 0.000644391423345 1.00044131399
5.17 0.000632848537721 1.00043346917
5.18 0.000621510119926 1.00042576198
5.19 0.000610372598372 1.00041819006
5.2 0.000599432462742 1.00041075107
5.21 0.00058868626297 1.00040344271
5.22 0.000578130608226 1.00039626273
5.23 0.000567762165927 1.00038920891
5.24 0.000557577660757 1.00038227907
5.25 0.000547573873706 1.00037547107
5.26 0.000537747641125 1.00036878278
5.27 0.000528095853797 1.00036221216
5.28 0.000518615456019 1.00035575715
5.29 0.000509303444705 1.00034941576
5.3 0.000500156868496 1.00034318601
5.31 0.000491172826893 1.00033706597
5.32 0.0004823484694 1.00033105374
5.33 0.000473680994677 1.00032514745
5.34 0.000465167649716 1.00031934527
5.35 0.00045680572902 1.00031364537
5.36 0.000448592573807 1.000308046
5.37 0.000440525571214 1.00030254539
5.38 0.000432602153529 1.00029714185
5.39 0.000424819797417 1.00029183367
5.4 0.000417176023181 1.0002866192
5.41 0.000409668394013 1.00028149681
5.42 0.000402294515275 1.00027646491
5.43 0.00039505203378 1.0002715219
5.44 0.000387938637092 1.00026666626
5.45 0.000380952052832 1.00026189644
5.46 0.000374090048002 1.00025721097
5.47 0.000367350428313 1.00025260837
5.48 0.000360731037529 1.00024808719
5.49 0.000354229756823 1.00024364601
5.5 0.000347844504135 1.00023928345
5.51 0.000341573233551 1.00023499812
5.52 0.000335413934687 1.00023078868
5.53 0.000329364632085 1.00022665381
5.54 0.000323423384616 1.0002225922
5.55 0.000317588284897 1.00021860256
5.56 0.000311857458713 1.00021468366
5.57 0.000306229064455 1.00021083423
5.58 0.000300701292562 1.00020705308
5.59 0.000295272364971 1.00020333901
5.6 0.000289940534585 1.00019969084
5.61 0.000284704084738 1.00019610742
5.62 0.000279561328679 1.00019258762
5.63 0.000274510609059 1.00018913031
5.64 0.000269550297426 1.00018573441
5.65 0.000264678793733 1.00018239885
5.66 0.000259894525852 1.00017912255
5.67 0.000255195949094 1.00017590449
5.68 0.000250581545738 1.00017274364
5.69 0.000246049824571 1.000169639
5.7 0.000241599320432 1.00016658957
5.71 0.000237228593766 1.0001635944
5.72 0.000232936230182 1.00016065253
5.73 0.000228720840023 1.00015776301
5.74 0.000224581057942 1.00015492494
5.75 0.000220515542481 1.00015213741
5.76 0.000216522975663 1.00014939953
5.77 0.000212602062585 1.00014671042
5.78 0.000208751531026 1.00014406923
5.79 0.000204970131051 1.00014147511
5.8 0.000201256634631 1.00013892724
5.81 0.000197609835263 1.0001364248
5.82 0.000194028547602 1.00013396699
5.83 0.000190511607092 1.00013155302
5.84 0.000187057869613 1.00012918213
5.85 0.000183666211123 1.00012685355
5.86 0.000180335527313 1.00012456654
5.87 0.000177064733268 1.00012232036
5.88 0.000173852763132 1.00012011429
5.89 0.000170698569774 1.00011794763
5.9 0.000167601124472 1.00011581967
5.91 0.000164559416587 1.00011372975
5.92 0.000161572453254 1.00011167718
5.93 0.000158639259076 1.0001096613
5.94 0.000155758875816 1.00010768147
5.95 0.000152930362107 1.00010573705
5.96 0.000150152793153 1.00010382741
5.97 0.000147425260445 1.00010195194
5.98 0.000144746871479 1.00010011003
5.99 0.000142116749479 1.0000983011
6.0 0.000139534033121 1.00009652455
6.01 0.000136997876266 1.00009477981
6.02 0.000134507447699 1.00009306632
6.03 0.000132061930865 1.00009138353
6.04 0.000129660523621 1.00008973089
6.05 0.000127302437978 1.00008810787
6.06 0.000124986899859 1.00008651394
6.07 0.000122713148858 1.00008494859
6.08 0.000120480437998 1.00008341131
6.09 0.000118288033503 1.0000819016
6.1 0.000116135214562 1.00008041898
6.11 0.000114021273108 1.00007896296
6.12 0.000111945513594 1.00007753307
6.13 0.000109907252774 1.00007612884
6.14 0.00010790581949 1.00007474983
6.15 0.000105940554461 1.00007339558
6.16 0.000104010810075 1.00007206565
6.17 0.000102115950186 1.00007075962
6.18 0.000100255349913 1.00006947705
6.19 9.84283954466e-05 1.00006821753
6.2 9.66344838497e-05 1.00006698065
6.21 9.48730228725e-05 1.000065766
6.22 9.31434307638e-05 1.00006457319
6.23 9.14451360874e-05 1.00006340184
6.24 8.97775775422e-05 1.00006225156
6.25 8.81402037845e-05 1.00006112197
6.26 8.65324732539e-05 1.00006001271
6.27 8.49538540019e-05 1.00005892341
6.28 8.34038235239e-05 1.00005785372
6.29 8.18818685933e-05 1.00005680329
6.3 8.03874850995e-05 1.00005577177
6.31 7.89201778874e-05 1.00005475884
6.32 7.74794606011e-05 1.00005376415
6.33 7.60648555292e-05 1.00005278738
6.34 7.46758934533e-05 1.00005182822
6.35 7.33121134987e-05 1.00005088634
6.36 7.19730629883e-05 1.00004996144
6.37 7.06582972984e-05 1.00004905322
6.38 6.93673797174e-05 1.00004816138
6.39 6.80998813067e-05 1.00004728562
6.4 6.68553807643e-05 1.00004642566
6.41 6.56334642901e-05 1.00004558122
6.42 6.44337254545e-05 1.00004475202
6.43 6.32557650686e-05 1.00004393778
6.44 6.20991910565e-05 1.00004313824
6.45 6.09636183306e-05 1.00004235314
6.46 5.98486686683e-05 1.00004158222
6.47 5.87539705911e-05 1.00004082522
6.48 5.7679159246e-05 1.0000400819
6.49 5.66238762886e-05 1.000039352
6.5 5.55877697684e-05 1.0000386353
6.51 5.45704940161e-05 1.00003793155
6.52 5.35717095331e-05 1.00003724052
6.53 5.25910828822e-05 1.00003656199
6.54 5.16282865811e-05 1.00003589572
6.55 5.0682998997e-05 1.00003524151
6.56 4.97549042434e-05 1.00003459913
6.57 4.8843692079e-05 1.00003396837
6.58 4.79490578073e-05 1.00003334903
6.59 4.70707021794e-05 1.00003274089
6.6 4.62083312971e-05 1.00003214376
6.61 4.53616565189e-05 1.00003155744
6.62 4.45303943665e-05 1.00003098174
6.63 4.37142664339e-05 1.00003041647
6.64 4.29129992976e-05 1.00002986143
6.65 4.21263244282e-05 1.00002931645
6.66 4.13539781042e-05 1.00002878134
6.67 4.05957013264e-05 1.00002825593
6.68 3.98512397348e-05 1.00002774005
6.69 3.91203435259e-05 1.00002723351
6.7 3.84027673726e-05 1.00002673616
6.71 3.7698270344e-05 1.00002624782
6.72 3.70066158286e-05 1.00002576835
6.73 3.63275714567e-05 1.00002529756
6.74 3.56609090257e-05 1.00002483532
6.75 3.50064044261e-05 1.00002438147
6.76 3.4363837569e-05 1.00002393585
6.77 3.37329923145e-05 1.00002349832
6.78 3.31136564016e-05 1.00002306874
6.79 3.25056213795e-05 1.00002264695
6.8 3.19086825401e-05 1.00002223282
6.81 3.1322638851e-05 1.00002182621
6.82 3.07472928907e-05 1.00002142699
6.83 3.0182450784e-05 1.00002103502
6.84 2.96279221394e-05 1.00002065017
6.85 2.90835199867e-05 1.00002027232
6.86 2.85490607166e-05 1.00001990133
6.87 2.80243640204e-05 1.00001953708
6.88 2.7509252832e-05 1.00001917946
6.89 2.70035532694e-05 1.00001882834
6.9 2.65070945785e-05 1.00001848361
6.91 2.60197090773e-05 1.00001814514
6.92 2.55412321012e-05 1.00001781283
6.93 2.50715019491e-05 1.00001748657
6.94 2.46103598309e-05 1.00001716624
6.95 2.41576498153e-05 1.00001685175
6.96 2.3713218779e-05 1.00001654298
6.97 2.32769163568e-05 1.00001623982
6.98 2.28485948921e-05 1.00001594219
6.99 2.24281093886e-05 1.00001564998
7.0 2.20153174632e-05 1.00001536309
7.01 2.16100792989e-05 1.00001508142
7.02 2.12122575995e-05 1.00001480489
7.03 2.08217175442e-05 1.00001453339
7.04 2.04383267433e-05 1.00001426684
7.05 2.00619551953e-05 1.00001400515
7.06 1.96924752439e-05 1.00001374823
7.07 1.9329761536e-05 1.00001349599
7.08 1.89736909807e-05 1.00001324835
7.09 1.8624142709e-05 1.00001300522
7.1 1.82809980336e-05 1.00001276653
7.11 1.79441404104e-05 1.0000125322
7.12 1.76134554e-05 1.00001230213
7.13 1.72888306299e-05 1.00001207627
7.14 1.69701557576e-05 1.00001185452
7.15 1.66573224343e-05 1.00001163683
7.16 1.63502242692e-05 1.0000114231
7.17 1.60487567945e-05 1.00001121328
7.18 1.57528174307e-05 1.00001100729
7.19 1.54623054532e-05 1.00001080506
7.2 1.51771219587e-05 1.00001060652
7.21 1.48971698326e-05 1.00001041161
7.22 1.46223537173e-05 1.00001022026
7.23 1.43525799802e-05 1.0000100324
7.24 1.40877566831e-05 1.00000984798
7.25 1.38277935517e-05 1.00000966693
7.26 1.35726019458e-05 1.00000948918
7.27 1.332209483e-05 1.00000931469
7.28 1.30761867447e-05 1.00000914338
7.29 1.2834793778e-05 1.00000897521
7.3 1.25978335381e-05 1.00000881011
7.31 1.23652251256e-05 1.00000864803
7.32 1.21368891069e-05 1.00000848891
7.33 1.19127474878e-05 1.00000833271
7.34 1.1692723688e-05 1.00000817936
7.35 1.1476742515e-05 1.00000802882
7.36 1.12647301398e-05 1.00000788103
7.37 1.10566140722e-05 1.00000773595
7.38 1.08523231364e-05 1.00000759352
7.39 1.06517874478e-05 1.00000745371
7.4 1.04549383896e-05 1.00000731645
7.41 1.02617085901e-05 1.0000071817
7.42 1.00720319001e-05 1.00000704942
7.43 9.88584337083e-06 1.00000691957
7.44 9.70307923283e-06 1.00000679209
7.45 9.52367687422e-06 1.00000666695
7.46 9.34757482005e-06 1.0000065441
7.47 9.17471271186e-06 1.0000064235
7.48 9.00503128748e-06 1.00000630511
7.49 8.83847236133e-06 1.0000061889
7.5 8.67497880502e-06 1.00000607481
7.51 8.51449452829e-06 1.00000596281
7.52 8.35696446028e-06 1.00000585287
7.53 8.20233453117e-06 1.00000574494
7.54 8.05055165414e-06 1.000005639
7.55 7.90156370761e-06 1.00000553499
7.56 7.75531951784e-06 1.0000054329
7.57 7.61176884186e-06 1.00000533267
7.58 7.47086235062e-06 1.00000523429
7.59 7.33255161254e-06 1.00000513771
7.6 7.1967890773e-06 1.0000050429
7.61 7.06352805991e-06 1.00000494984
7.62 6.9327227251e-06 1.00000485848
7.63 6.80432807197e-06 1.0000047688
7.64 6.67829991893e-06 1.00000468077
7.65 6.55459488889e-06 1.00000459435
7.66 6.4331703947e-06 1.00000450952
7.67 6.31398462492e-06 1.00000442625
7.68 6.19699652976e-06 1.0000043445
7.69 6.08216580731e-06 1.00000426426
7.7 5.96945289007e-06 1.0000041855
7.71 5.85881893158e-06 1.00000410818
7.72 5.75022579347e-06 1.00000403228
7.73 5.64363603257e-06 1.00000395778
7.74 5.5390128884e-06 1.00000388464
7.75 5.43632027077e-06 1.00000381285
7.76 5.33552274765e-06 1.00000374238
7.77 5.23658553328e-06 1.00000367321
7.78 5.13947447647e-06 1.00000360531
7.79 5.04415604905e-06 1.00000353866
7.8 4.95059733469e-06 1.00000347323
7.81 4.85876601771e-06 1.00000340901
7.82 4.76863037227e-06 1.00000334596
7.83 4.68015925165e-06 1.00000328408
7.84 4.59332207776e-06 1.00000322334
7.85 4.50808883085e-06 1.00000316372
7.86 4.42443003936e-06 1.00000310519
7.87 4.34231677e-06 1.00000304774
7.88 4.26172061797e-06 1.00000299135
7.89 4.18261369742e-06 1.00000293599
7.9 4.10496863196e-06 1.00000288166
7.91 4.02875854549e-06 1.00000282832
7.92 3.95395705308e-06 1.00000277597
7.93 3.88053825209e-06 1.00000272458
7.94 3.80847671337e-06 1.00000267414
7.95 3.73774747269e-06 1.00000262463
7.96 3.66832602231e-06 1.00000257603
7.97 3.60018830267e-06 1.00000252833
7.98 3.53331069426e-06 1.0000024815
7.99 3.46767000963e-06 1.00000243554
8.0 3.40324348551e-06 1.00000239043
8.01 3.34000877516e-06 1.00000234614
8.02 3.27794394075e-06 1.00000230268
8.03 3.21702744595e-06 1.00000226001
8.04 3.15723814861e-06 1.00000221814
8.05 3.09855529363e-06 1.00000217703
8.06 3.04095850589e-06 1.00000213668
8.07 2.98442778337e-06 1.00000209708
8.08 2.92894349031e-06 1.00000205821
8.09 2.87448635061e-06 1.00000202005
8.1 2.82103744125e-06 1.0000019826
8.11 2.76857818588e-06 1.00000194584
8.12 2.71709034847e-06 1.00000190976
8.13 2.6665560272e-06 1.00000187434
8.14 2.61695764828e-06 1.00000183958
8.15 2.56827796005e-06 1.00000180546
8.16 2.52050002707e-06 1.00000177197
8.17 2.47360722438e-06 1.0000017391
8.18 2.42758323185e-06 1.00000170683
8.19 2.38241202861e-06 1.00000167516
8.2 2.3380778876e-06 1.00000164408
8.21 2.29456537023e-06 1.00000161357
8.22 2.2518593211e-06 1.00000158362
8.23 2.20994486288e-06 1.00000155423
8.24 2.16880739118e-06 1.00000152538
8.25 2.12843256962e-06 1.00000149706
8.26 2.08880632493e-06 1.00000146927
8.27 2.04991484214e-06 1.00000144199
8.28 2.01174455989e-06 1.00000141522
8.29 1.97428216578e-06 1.00000138894
8.3 1.93751459185e-06 1.00000136314
8.31 1.9014290101e-06 1.00000133782
8.32 1.86601282812e-06 1.00000131297
8.33 1.83125368479e-06 1.00000128858
8.34 1.79713944606e-06 1.00000126465
8.35 1.76365820079e-06 1.00000124115
8.36 1.73079825671e-06 1.00000121809
8.37 1.69854813638e-06 1.00000119545
8.38 1.66689657331e-06 1.00000117324
8.39 1.63583250806e-06 1.00000115143
8.4 1.60534508452e-06 1.00000113003
8.41 1.57542364612e-06 1.00000110903
8.42 1.54605773225e-06 1.00000108841
8.43 1.51723707462e-06 1.00000106817
8.44 1.48895159381e-06 1.00000104831
8.45 1.46119139576e-06 1.00000102882
8.46 1.43394676839e-06 1.00000100969
8.47 1.40720817832e-06 1.00000099091
8.48 1.38096626753e-06 1.00000097248
8.49 1.35521185022e-06 1.0000009544
8.5 1.32993590959e-06 1.00000093664
8.51 1.30512959483e-06 1.00000091922
8.52 1.280784218e-06 1.00000090212
8.53 1.25689125112e-06 1.00000088533
8.54 1.23344232318e-06 1.00000086886
8.55 1.21042921734e-06 1.00000085269
8.56 1.18784386801e-06 1.00000083682
8.57 1.16567835818e-06 1.00000082125
8.58 1.14392491663e-06 1.00000080596
8.59 1.12257591531e-06 1.00000079096
8.6 1.10162386665e-06 1.00000077623
8.61 1.08106142108e-06 1.00000076178
8.62 1.06088136441e-06 1.0000007476
8.63 1.04107661542e-06 1.00000073368
8.64 1.02164022337e-06 1.00000072001
8.65 1.00256536564e-06 1.00000070661
8.66 9.83845345385e-07 1.00000069345
8.67 9.65473589201e-07 1.00000068053
8.68 9.47443644891e-07 1.00000066785
8.69 9.29749179225e-07 1.00000065541
8.7 9.12383975766e-07 1.0000006432
8.71 8.95341932724e-07 1.00000063122
8.72 8.78617060856e-07 1.00000061946
8.73 8.622034814e-07 1.00000060791
8.74 8.46095424048e-07 1.00000059658
8.75 8.30287224957e-07 1.00000058546
8.76 8.14773324791e-07 1.00000057455
8.77 7.99548266811e-07 1.00000056384
8.78 7.84606694983e-07 1.00000055333
8.79 7.69943352135e-07 1.00000054302
8.8 7.55553078141e-07 1.00000053289
8.81 7.41430808136e-07 1.00000052296
8.82 7.27571570771e-07 1.00000051321
8.83 7.13970486491e-07 1.00000050363
8.84 7.00622765853e-07 1.00000049424
8.85 6.87523707869e-07 1.00000048502
8.86 6.74668698378e-07 1.00000047598
8.87 6.62053208457e-07 1.0000004671
8.88 6.49672792847e-07 1.00000045839
8.89 6.37523088423e-07 1.00000044983
8.9 6.25599812676e-07 1.00000044144
8.91 6.1389876224e-07 1.0000004332
8.92 6.0241581143e-07 1.00000042512
8.93 5.91146910816e-07 1.00000041719
8.94 5.80088085823e-07 1.0000004094
8.95 5.69235435349e-07 1.00000040176
8.96 5.5858513042e-07 1.00000039426
8.97 5.48133412859e-07 1.0000003869
8.98 5.37876593983e-07 1.00000037968
8.99 5.27811053329e-07 1.00000037259
9.0 5.17933237394e-07 1.00000036563
9.01 5.08239658403e-07 1.00000035881
9.02 4.98726893103e-07 1.00000035211
9.03 4.89391581572e-07 1.00000034553
9.04 4.80230426054e-07 1.00000033908
9.05 4.71240189815e-07 1.00000033274
9.06 4.62417696018e-07 1.00000032653
9.07 4.53759826623e-07 1.00000032043
9.08 4.45263521301e-07 1.00000031444
9.09 4.3692577637e-07 1.00000030857
9.1 4.28743643758e-07 1.0000003028
9.11 4.2071422997e-07 1.00000029715
9.12 4.1283469509e-07 1.00000029159
9.13 4.05102251788e-07 1.00000028614
9.14 3.97514164355e-07 1.0000002808
9.15 3.90067747747e-07 1.00000027555
9.16 3.82760366657e-07 1.0000002704
9.17 3.75589434595e-07 1.00000026534
9.18 3.68552412985e-07 1.00000026038
9.19 3.61646810288e-07 1.00000025552
9.2 3.5487018113e-07 1.00000025074
9.21 3.48220125451e-07 1.00000024605
9.22 3.41694287672e-07 1.00000024145
9.23 3.35290355872e-07 1.00000023693
9.24 3.29006060982e-07 1.0000002325
9.25 3.22839175998e-07 1.00000022816
9.26 3.16787515201e-07 1.00000022389
9.27 3.10848933396e-07 1.0000002197
9.28 3.05021325167e-07 1.00000021559
9.29 2.9930262414e-07 1.00000021156
9.3 2.93690802261e-07 1.0000002076
9.31 2.88183869093e-07 1.00000020372
9.32 2.82779871118e-07 1.0000001999
9.33 2.77476891058e-07 1.00000019616
9.34 2.72273047201e-07 1.00000019249
9.35 2.67166492749e-07 1.00000018889
9.36 2.62155415174e-07 1.00000018535
9.37 2.57238035578e-07 1.00000018189
9.38 2.5241260808e-07 1.00000017848
9.39 2.47677419199e-07 1.00000017514
9.4 2.43030787263e-07 1.00000017186
9.41 2.38471061812e-07 1.00000016864
9.42 2.3399662303e-07 1.00000016549
9.43 2.29605881171e-07 1.00000016239
9.44 2.25297276011e-07 1.00000015935
9.45 2.21069276294e-07 1.00000015636
9.46 2.16920379204e-07 1.00000015343
9.47 2.12849109834e-07 1.00000015056
9.48 2.08854020671e-07 1.00000014774
9.49 2.04933691091e-07 1.00000014497
9.5 2.01086726862e-07 1.00000014226
9.51 1.97311759652e-07 1.00000013959
9.52 1.93607446556e-07 1.00000013698
9.53 1.89972469618e-07 1.00000013441
9.54 1.86405535376e-07 1.00000013189
9.55 1.82905374407e-07 1.00000012942
9.56 1.7947074088e-07 1.000000127
9.57 1.76100412122e-07 1.00000012462
9.58 1.72793188186e-07 1.00000012228
9.59 1.69547891437e-07 1.00000011999
9.6 1.66363366129e-07 1.00000011774
9.61 1.63238478011e-07 1.00000011553
9.62 1.60172113918e-07 1.00000011337
9.63 1.57163181391e-07 1.00000011124
9.64 1.54210608285e-07 1.00000010916
9.65 1.51313342398e-07 1.00000010711
9.66 1.48470351098e-07 1.0000001051
9.67 1.45680620965e-07 1.00000010313
9.68 1.4294315743e-07 1.0000001012
9.69 1.40256984431e-07 1.0000000993
9.7 1.37621144064e-07 1.00000009744
9.71 1.35034696252e-07 1.00000009561
9.72 1.32496718413e-07 1.00000009381
9.73 1.30006305134e-07 1.00000009205
9.74 1.27562567854e-07 1.00000009033
9.75 1.25164634552e-07 1.00000008863
9.76 1.2281164944e-07 1.00000008697
9.77 1.20502772663e-07 1.00000008534
9.78 1.18237180001e-07 1.00000008374
9.79 1.16014062582e-07 1.00000008217
9.8 1.13832626595e-07 1.00000008062
9.81 1.11692093014e-07 1.00000007911
9.82 1.09591697318e-07 1.00000007763
9.83 1.07530689229e-07 1.00000007617
9.84 1.05508332442e-07 1.00000007474
9.85 1.03523904368e-07 1.00000007334
9.86 1.01576695882e-07 1.00000007196
9.87 9.96660110686e-08 1.00000007061
9.88 9.77911669787e-08 1.00000006928
9.89 9.59514933902e-08 1.00000006798
9.9 9.41463325701e-08 1.00000006671
9.91 9.23750390437e-08 1.00000006545
9.92 9.06369793663e-08 1.00000006422
9.93 8.89315319003e-08 1.00000006302
9.94 8.72580865958e-08 1.00000006183
9.95 8.56160447755e-08 1.00000006067
9.96 8.40048189236e-08 1.00000005953
9.97 8.24238324783e-08 1.00000005841
9.98 8.08725196284e-08 1.00000005732
9.99 7.93503251139e-08 1.00000005624
10.0 7.78567040296e-08 1.00000005518
10.01 7.6391121633e-08 1.00000005415
10.02 7.49530531552e-08 1.00000005313
10.03 7.35419836162e-08 1.00000005213
10.04 7.2157407642e-08 1.00000005115
10.05 7.07988292872e-08 1.00000005019
10.06 6.9465761859e-08 1.00000004925
10.07 6.81577277453e-08 1.00000004832
10.08 6.68742582463e-08 1.00000004741
10.09 6.56148934085e-08 1.00000004652
10.1 6.43791818621e-08 1.00000004565
10.11 6.31666806617e-08 1.00000004479
10.12 6.19769551292e-08 1.00000004395
10.13 6.08095787004e-08 1.00000004312
10.14 5.9664132774e-08 1.00000004231
10.15 5.85402065634e-08 1.00000004151
10.16 5.74373969518e-08 1.00000004073
10.17 5.63553083487e-08 1.00000003997
10.18 5.52935525507e-08 1.00000003922
10.19 5.42517486036e-08 1.00000003848
10.2 5.32295226678e-08 1.00000003776
10.21 5.22265078855e-08 1.00000003705
10.22 5.12423442513e-08 1.00000003635
10.23 5.02766784843e-08 1.00000003566
10.24 4.93291639031e-08 1.00000003499
10.25 4.8399460303e-08 1.00000003434
10.26 4.74872338351e-08 1.00000003369
10.27 4.65921568886e-08 1.00000003306
10.28 4.57139079741e-08 1.00000003243
10.29 4.48521716099e-08 1.00000003182
10.3 4.400663821e-08 1.00000003122
10.31 4.31770039744e-08 1.00000003064
10.32 4.23629707813e-08 1.00000003006
10.33 4.15642460816e-08 1.00000002949
10.34 4.07805427945e-08 1.00000002894
10.35 4.00115792063e-08 1.00000002839
10.36 3.925707887e-08 1.00000002786
10.37 3.85167705073e-08 1.00000002734
10.38 3.77903879123e-08 1.00000002682
10.39 3.70776698572e-08 1.00000002632
10.4 3.6378359999e-08 1.00000002582
10.41 3.56922067891e-08 1.00000002533
10.42 3.50189633833e-08 1.00000002486
10.43 3.43583875549e-08 1.00000002439
10.44 3.37102416077e-08 1.00000002393
10.45 3.30742922924e-08 1.00000002348
10.46 3.24503107232e-08 1.00000002304
10.47 3.18380722966e-08 1.0000000226
10.48 3.12373566115e-08 1.00000002218
10.49 3.06479473908e-08 1.00000002176
10.5 3.00696324047e-08 1.00000002135
10.51 2.95022033951e-08 1.00000002095
10.52 2.89454560014e-08 1.00000002055
10.53 2.83991896878e-08 1.00000002017
10.54 2.78632076725e-08 1.00000001979
10.55 2.73373168567e-08 1.00000001941
10.56 2.68213277568e-08 1.00000001905
10.57 2.63150544363e-08 1.00000001869
10.58 2.58183144402e-08 1.00000001834
10.59 2.53309287295e-08 1.00000001799
10.6 2.48527216178e-08 1.00000001765
10.61 2.43835207083e-08 1.00000001732
10.62 2.39231568331e-08 1.00000001699
10.63 2.34714639924e-08 1.00000001667
10.64 2.30282792953e-08 1.00000001636
10.65 2.25934429023e-08 1.00000001605
10.66 2.21667979678e-08 1.00000001575
10.67 2.17481905843e-08 1.00000001545
10.68 2.13374697279e-08 1.00000001516
10.69 2.09344872039e-08 1.00000001487
10.7 2.05390975945e-08 1.00000001459
10.71 2.01511582064e-08 1.00000001432
10.72 1.97705290206e-08 1.00000001405
10.73 1.93970726417e-08 1.00000001378
10.74 1.90306542494e-08 1.00000001352
10.75 1.86711415503e-08 1.00000001327
10.76 1.83184047304e-08 1.00000001302
10.77 1.79723164092e-08 1.00000001277
10.78 1.76327515941e-08 1.00000001253
10.79 1.72995876354e-08 1.00000001229
10.8 1.69727041832e-08 1.00000001206
10.81 1.66519831438e-08 1.00000001183
10.82 1.63373086379e-08 1.00000001161
10.83 1.6028566959e-08 1.00000001139
10.84 1.5725646533e-08 1.00000001118
10.85 1.54284378781e-08 1.00000001097
10.86 1.51368335659e-08 1.00000001076
10.87 1.48507281829e-08 1.00000001056
10.88 1.45700182926e-08 1.00000001036
10.89 1.42946023991e-08 1.00000001016
10.9 1.40243809103e-08 1.00000000997
10.91 1.37592561025e-08 1.00000000978
10.92 1.34991320855e-08 1.0000000096
10.93 1.32439147681e-08 1.00000000942
10.94 1.29935118247e-08 1.00000000924
10.95 1.27478326621e-08 1.00000000906
10.96 1.25067883871e-08 1.00000000889
10.97 1.2270291775e-08 1.00000000872
10.98 1.20382572378e-08 1.00000000856
10.99 1.18106007942e-08 1.0000000084
11.0 1.15872400389e-08 1.00000000824
11.01 1.13680941137e-08 1.00000000808
11.02 1.11530836783e-08 1.00000000793
11.03 1.09421308817e-08 1.00000000778
11.04 1.07351593347e-08 1.00000000763
11.05 1.05320940823e-08 1.00000000749
11.06 1.03328615768e-08 1.00000000735
11.07 1.01373896517e-08 1.00000000721
11.08 9.94560749553e-09 1.00000000707
11.09 9.75744562678e-09 1.00000000694
11.1 9.5728358688e-09 1.00000000681
11.11 9.39171132545e-09 1.00000000668
11.12 9.21400635709e-09 1.00000000655
11.13 9.03965655706e-09 1.00000000643
11.14 8.86859872859e-09 1.00000000631
11.15 8.70077086211e-09 1.00000000619
11.16 8.53611211307e-09 1.00000000607
11.17 8.37456278006e-09 1.00000000596
11.18 8.21606428342e-09 1.00000000585
11.19 8.06055914422e-09 1.00000000574
11.2 7.90799096364e-09 1.00000000563
11.21 7.75830440274e-09 1.00000000552
11.22 7.61144516257e-09 1.00000000542
11.23 7.46735996472e-09 1.00000000531
11.24 7.32599653215e-09 1.00000000521
11.25 7.18730357049e-09 1.00000000511
11.26 7.05123074953e-09 1.00000000502
11.27 6.91772868523e-09 1.00000000492
11.28 6.78674892194e-09 1.00000000483
11.29 6.65824391501e-09 1.00000000474
11.3 6.53216701372e-09 1.00000000465
11.31 6.40847244449e-09 1.00000000456
11.32 6.28711529446e-09 1.00000000448
11.33 6.16805149535e-09 1.00000000439
11.34 6.05123780761e-09 1.00000000431
11.35 5.93663180489e-09 1.00000000423
11.36 5.82419185877e-09 1.00000000415
11.37 5.71387712383e-09 1.00000000407
11.38 5.60564752293e-09 1.00000000399
11.39 5.49946373281e-09 1.00000000392
11.4 5.39528716996e-09 1.00000000384
11.41 5.29307997672e-09 1.00000000377
11.42 5.19280500768e-09 1.0000000037
11.43 5.09442581632e-09 1.00000000363
11.44 4.99790664187e-09 1.00000000356
11.45 4.90321239649e-09 1.00000000349
11.46 4.81030865258e-09 1.00000000343
11.47 4.71916163044e-09 1.00000000336
11.48 4.62973818609e-09 1.0000000033
11.49 4.54200579935e-09 1.00000000323
11.5 4.45593256211e-09 1.00000000317
11.51 4.37148716687e-09 1.00000000311
11.52 4.28863889543e-09 1.00000000305
11.53 4.20735760787e-09 1.000000003
11.54 4.12761373166e-09 1.00000000294
11.55 4.04937825101e-09 1.00000000288
11.56 3.97262269643e-09 1.00000000283
11.57 3.89731913448e-09 1.00000000278
11.58 3.82344015767e-09 1.00000000272
11.59 3.75095887462e-09 1.00000000267
11.6 3.67984890034e-09 1.00000000262
11.61 3.61008434674e-09 1.00000000257
11.62 3.54163981327e-09 1.00000000252
11.63 3.4744903778e-09 1.00000000248
11.64 3.40861158761e-09 1.00000000243
11.65 3.34397945055e-09 1.00000000238
11.66 3.28057042645e-09 1.00000000234
11.67 3.21836141855e-09 1.00000000229
11.68 3.15732976525e-09 1.00000000225
11.69 3.09745323185e-09 1.00000000221
11.7 3.03871000261e-09 1.00000000217
11.71 2.98107867282e-09 1.00000000212
11.72 2.92453824109e-09 1.00000000208
11.73 2.86906810176e-09 1.00000000204
11.74 2.81464803752e-09 1.00000000201
11.75 2.76125821202e-09 1.00000000197
11.76 2.70887916278e-09 1.00000000193
11.77 2.65749179413e-09 1.00000000189
11.78 2.60707737033e-09 1.00000000186
11.79 2.55761750876e-09 1.00000000182
11.8 2.50909417337e-09 1.00000000179
11.81 2.46148966807e-09 1.00000000175
11.82 2.41478663038e-09 1.00000000172
11.83 2.36896802518e-09 1.00000000169
11.84 2.3240171385e-09 1.00000000166
11.85 2.27991757151e-09 1.00000000163
11.86 2.23665323461e-09 1.00000000159
11.87 2.19420834158e-09 1.00000000156
11.88 2.15256740389e-09 1.00000000153
11.89 2.1117152251e-09 1.00000000151
11.9 2.07163689537e-09 1.00000000148
11.91 2.03231778606e-09 1.00000000145
11.92 1.99374354444e-09 1.00000000142
11.93 1.95590008849e-09 1.00000000139
11.94 1.91877360185e-09 1.00000000137
11.95 1.88235052876e-09 1.00000000134
11.96 1.84661756919e-09 1.00000000132
11.97 1.81156167404e-09 1.00000000129
11.98 1.77717004038e-09 1.00000000127
11.99 1.74343010685e-09 1.00000000124
12.0 1.7103295491e-09 1.00000000122
12.01 1.67785627534e-09 1.0000000012
12.02 1.64599842192e-09 1.00000000117
12.03 1.6147443491e-09 1.00000000115
12.04 1.58408263679e-09 1.00000000113
12.05 1.55400208044e-09 1.00000000111
12.06 1.52449168695e-09 1.00000000109
12.07 1.49554067073e-09 1.00000000107
12.08 1.46713844975e-09 1.00000000105
12.09 1.43927464174e-09 1.00000000103
12.1 1.41193906042e-09 1.00000000101
12.11 1.38512171181e-09 1.00000000099
12.12 1.35881279059e-09 1.00000000097
12.13 1.33300267657e-09 1.00000000095
12.14 1.30768193119e-09 1.00000000093
12.15 1.28284129411e-09 1.00000000092
12.16 1.25847167985e-09 1.0000000009
12.17 1.23456417447e-09 1.00000000088
12.18 1.21111003238e-09 1.00000000086
12.19 1.18810067315e-09 1.00000000085
12.2 1.16552767839e-09 1.00000000083
12.21 1.14338278871e-09 1.00000000082
12.22 1.12165790071e-09 1.0000000008
12.23 1.10034506407e-09 1.00000000079
12.24 1.07943647861e-09 1.00000000077
12.25 1.05892449152e-09 1.00000000076
12.26 1.03880159456e-09 1.00000000074
12.27 1.01906042132e-09 1.00000000073
12.28 9.99693744566e-10 1.00000000071
12.29 9.80694473611e-10 1.0000000007
12.3 9.62055651741e-10 1.00000000069
12.31 9.43770453687e-10 1.00000000067
12.32 9.2583218315e-10 1.00000000066
12.33 9.08234270371e-10 1.00000000065
12.34 8.9097026974e-10 1.00000000064
12.35 8.74033857462e-10 1.00000000062
12.36 8.57418829254e-10 1.00000000061
12.37 8.41119098094e-10 1.0000000006
12.38 8.25128692013e-10 1.00000000059
12.39 8.09441751918e-10 1.00000000058
12.4 7.94052529471e-10 1.00000000057
12.41 7.78955384995e-10 1.00000000056
12.42 7.64144785426e-10 1.00000000055
12.43 7.49615302305e-10 1.00000000054
12.44 7.35361609798e-10 1.00000000052
12.45 7.21378482768e-10 1.00000000051
12.46 7.0766079487e-10 1.00000000051
12.47 6.94203516691e-10 1.0000000005
12.48 6.81001713917e-10 1.00000000049
12.49 6.68050545543e-10 1.00000000048
12.5 6.55345262111e-10 1.00000000047
12.51 6.4288120398e-10 1.00000000046
12.52 6.30653799635e-10 1.00000000045
12.53 6.18658564023e-10 1.00000000044
12.54 6.0689109692e-10 1.00000000043
12.55 5.9534708133e-10 1.00000000043
12.56 5.84022281918e-10 1.00000000042
12.57 5.72912543463e-10 1.00000000041
12.58 5.6201378935e-10 1.0000000004
12.59 5.51322020085e-10 1.00000000039
12.6 5.40833311838e-10 1.00000000039
12.61 5.30543815018e-10 1.00000000038
12.62 5.20449752868e-10 1.00000000037
12.63 5.10547420092e-10 1.00000000036
12.64 5.00833181502e-10 1.00000000036
12.65 4.91303470703e-10 1.00000000035
12.66 4.81954788783e-10 1.00000000034
12.67 4.72783703048e-10 1.00000000034
12.68 4.63786845766e-10 1.00000000033
12.69 4.54960912942e-10 1.00000000032
12.7 4.46302663115e-10 1.00000000032
12.71 4.37808916175e-10 1.00000000031
12.72 4.29476552206e-10 1.00000000031
12.73 4.21302510351e-10 1.0000000003
12.74 4.1328378769e-10 1.0000000003
12.75 4.05417438152e-10 1.00000000029
12.76 3.97700571439e-10 1.00000000028
12.77 3.90130351971e-10 1.00000000028
12.78 3.82703997854e-10 1.00000000027
12.79 3.75418779865e-10 1.00000000027
12.8 3.68272020456e-10 1.00000000026
12.81 3.61261092781e-10 1.00000000026
12.82 3.54383419733e-10 1.00000000025
12.83 3.47636473007e-10 1.00000000025
12.84 3.4101777218e-10 1.00000000024
12.85 3.345248838e-10 1.00000000024
12.86 3.28155420503e-10 1.00000000023
12.87 3.21907040143e-10 1.00000000023
12.88 3.15777444933e-10 1.00000000023
12.89 3.09764380609e-10 1.00000000022
12.9 3.03865635606e-10 1.00000000022
12.91 2.98079040255e-10 1.00000000021
12.92 2.92402465986e-10 1.00000000021
12.93 2.86833824552e-10 1.0000000002
12.94 2.81371067269e-10 1.0000000002
12.95 2.76012184267e-10 1.0000000002
12.96 2.70755203755e-10 1.00000000019
12.97 2.65598191302e-10 1.00000000019
12.98 2.60539249131e-10 1.00000000019
12.99 2.55576515423e-10 1.00000000018
13.0 2.50708163643e-10 1.00000000018
13.01 2.45932401866e-10 1.00000000018
13.02 2.41247472128e-10 1.00000000017
13.03 2.36651649777e-10 1.00000000017
13.04 2.32143242853e-10 1.00000000017
13.05 2.27720591459e-10 1.00000000016
13.06 2.23382067162e-10 1.00000000016
13.07 2.19126072394e-10 1.00000000016
13.08 2.1495103987e-10 1.00000000015
13.09 2.10855432014e-10 1.00000000015
13.1 2.06837740397e-10 1.00000000015
13.11 2.02896485187e-10 1.00000000015
13.12 1.99030214606e-10 1.00000000014
13.13 1.95237504401e-10 1.00000000014
13.14 1.91516957321e-10 1.00000000014
13.15 1.87867202609e-10 1.00000000013
13.16 1.84286895498e-10 1.00000000013
13.17 1.8077471672e-10 1.00000000013
13.18 1.77329372024e-10 1.00000000013
13.19 1.73949591702e-10 1.00000000012
13.2 1.70634130125e-10 1.00000000012
13.21 1.67381765287e-10 1.00000000012
13.22 1.64191298356e-10 1.00000000012
13.23 1.61061553241e-10 1.00000000012
13.24 1.57991376153e-10 1.00000000011
13.25 1.54979635191e-10 1.00000000011
13.26 1.52025219923e-10 1.00000000011
13.27 1.4912704098e-10 1.00000000011
13.28 1.46284029659e-10 1.0000000001
13.29 1.43495137529e-10 1.0000000001
13.3 1.40759336051e-10 1.0000000001
13.31 1.38075616198e-10 1.0000000001
13.32 1.35442988087e-10 1.0000000001
13.33 1.32860480616e-10 1.0000000001
13.34 1.30327141107e-10 1.00000000009
13.35 1.27842034962e-10 1.00000000009
13.36 1.25404245315e-10 1.00000000009
13.37 1.23012872698e-10 1.00000000009
13.38 1.20667034713e-10 1.00000000009
13.39 1.18365865707e-10 1.00000000008
13.4 1.16108516455e-10 1.00000000008
13.41 1.13894153851e-10 1.00000000008
13.42 1.11721960599e-10 1.00000000008
13.43 1.09591134915e-10 1.00000000008
13.44 1.07500890234e-10 1.00000000008
13.45 1.05450454923e-10 1.00000000008
13.46 1.03439071994e-10 1.00000000007
13.47 1.0146599883e-10 1.00000000007
13.48 9.95305069094e-11 1.00000000007
13.49 9.76318815436e-11 1.00000000007
13.5 9.57694216109e-11 1.00000000007
13.51 9.39424393011e-11 1.00000000007
13.52 9.21502598628e-11 1.00000000007
13.53 9.0392221356e-11 1.00000000006
13.54 8.86676744096e-11 1.00000000006
13.55 8.69759819825e-11 1.00000000006
13.56 8.53165191307e-11 1.00000000006
13.57 8.36886727775e-11 1.00000000006
13.58 8.20918414885e-11 1.00000000006
13.59 8.05254352515e-11 1.00000000006
13.6 7.89888752591e-11 1.00000000006
13.61 7.74815936972e-11 1.00000000006
13.62 7.60030335359e-11 1.00000000005
13.63 7.45526483254e-11 1.00000000005
13.64 7.31299019953e-11 1.00000000005
13.65 7.17342686578e-11 1.00000000005
13.66 7.03652324147e-11 1.00000000005
13.67 6.90222871678e-11 1.00000000005
13.68 6.77049364335e-11 1.00000000005
13.69 6.64126931599e-11 1.00000000005
13.7 6.51450795483e-11 1.00000000005
13.71 6.39016268778e-11 1.00000000005
13.72 6.26818753327e-11 1.00000000004
13.73 6.14853738342e-11 1.00000000004
13.74 6.03116798741e-11 1.00000000004
13.75 5.91603593528e-11 1.00000000004
13.76 5.80309864194e-11 1.00000000004
13.77 5.69231433153e-11 1.00000000004
13.78 5.58364202208e-11 1.00000000004
13.79 5.47704151047e-11 1.00000000004
13.8 5.37247335758e-11 1.00000000004
13.81 5.26989887391e-11 1.00000000004
13.82 5.16928010523e-11 1.00000000004
13.83 5.07057981875e-11 1.00000000004
13.84 4.97376148934e-11 1.00000000004
13.85 4.87878928616e-11 1.00000000003
13.86 4.78562805945e-11 1.00000000003
13.87 4.69424332764e-11 1.00000000003
13.88 4.60460126462e-11 1.00000000003
13.89 4.51666868738e-11 1.00000000003
13.9 4.43041304371e-11 1.00000000003
13.91 4.34580240031e-11 1.00000000003
13.92 4.26280543099e-11 1.00000000003
13.93 4.18139140519e-11 1.00000000003
13.94 4.10153017663e-11 1.00000000003
13.95 4.02319217224e-11 1.00000000003
13.96 3.94634838132e-11 1.00000000003
13.97 3.87097034477e-11 1.00000000003
13.98 3.79703014473e-11 1.00000000003
13.99 3.72450039421e-11 1.00000000003
14.0 3.65335422707e-11 1.00000000003
14.01 3.58356528811e-11 1.00000000003
14.02 3.51510772337e-11 1.00000000003
14.03 3.44795617064e-11 1.00000000002
14.04 3.38208575006e-11 1.00000000002
14.05 3.31747205502e-11 1.00000000002
14.06 3.25409114317e-11 1.00000000002
14.07 3.19191952755e-11 1.00000000002
14.08 3.13093416803e-11 1.00000000002
14.09 3.07111246273e-11 1.00000000002
14.1 3.01243223976e-11 1.00000000002
14.11 2.95487174904e-11 1.00000000002
14.12 2.89840965427e-11 1.00000000002
14.13 2.84302502511e-11 1.00000000002
14.14 2.78869732942e-11 1.00000000002
14.15 2.73540642574e-11 1.00000000002
14.16 2.68313255582e-11 1.00000000002
14.17 2.63185633741e-11 1.00000000002
14.18 2.58155875704e-11 1.00000000002
14.19 2.53222116308e-11 1.00000000002
14.2 2.48382525883e-11 1.00000000002
14.21 2.43635309578e-11 1.00000000002
14.22 2.38978706699e-11 1.00000000002
14.23 2.34410990063e-11 1.00000000002
14.24 2.29930465358e-11 1.00000000002
14.25 2.25535470519e-11 1.00000000002
14.26 2.21224375118e-11 1.00000000002
14.27 2.16995579758e-11 1.00000000002
14.28 2.12847515489e-11 1.00000000002
14.29 2.08778643223e-11 1.00000000001
14.3 2.04787453172e-11 1.00000000001
14.31 2.0087246429e-11 1.00000000001
14.32 1.97032223722e-11 1.00000000001
14.33 1.93265306277e-11 1.00000000001
14.34 1.89570313892e-11 1.00000000001
14.35 1.85945875125e-11 1.00000000001
14.36 1.82390644645e-11 1.00000000001
14.37 1.78903302735e-11 1.00000000001
14.38 1.75482554807e-11 1.00000000001
14.39 1.72127130924e-11 1.00000000001
14.4 1.68835785329e-11 1.00000000001
14.41 1.65607295989e-11 1.00000000001
14.42 1.62440464142e-11 1.00000000001
14.43 1.59334113853e-11 1.00000000001
14.44 1.56287091584e-11 1.00000000001
14.45 1.53298265765e-11 1.00000000001
14.46 1.50366526376e-11 1.00000000001
14.47 1.4749078454e-11 1.00000000001
14.48 1.44669972118e-11 1.00000000001
14.49 1.41903041317e-11 1.00000000001
14.5 1.391889643e-11 1.00000000001
14.51 1.36526732811e-11 1.00000000001
14.52 1.33915357798e-11 1.00000000001
14.53 1.31353869051e-11 1.00000000001
14.54 1.28841314843e-11 1.00000000001
14.55 1.26376761577e-11 1.00000000001
14.56 1.23959293441e-11 1.00000000001
14.57 1.21588012072e-11 1.00000000001
14.58 1.19262036223e-11 1.00000000001
14.59 1.16980501437e-11 1.00000000001
14.6 1.14742559728e-11 1.00000000001
14.61 1.12547379267e-11 1.00000000001
14.62 1.10394144076e-11 1.00000000001
14.63 1.08282053723e-11 1.00000000001
14.64 1.06210323033e-11 1.00000000001
14.65 1.0417818179e-11 1.00000000001
14.66 1.02184874456e-11 1.00000000001
14.67 1.00229659895e-11 1.00000000001
14.68 9.83118110909e-12 1.00000000001
14.69 9.64306148866e-12 1.00000000001
14.7 9.4585371716e-12 1.00000000001
14.71 9.27753953464e-12 1.00000000001
14.72 9.10000126251e-12 1.00000000001
14.73 8.925856323e-12 1.00000000001
14.74 8.75503994258e-12 1.00000000001
14.75 8.58748858239e-12 1.00000000001
14.76 8.42313991481e-12 1.00000000001
14.77 8.26193280035e-12 1.00000000001
14.78 8.10380726504e-12 1.00000000001
14.79 7.9487044783e-12 1.00000000001
14.8 7.7965667311e-12 1.00000000001
14.81 7.64733741464e-12 1.00000000001
14.82 7.50096099944e-12 1.00000000001
14.83 7.35738301473e-12 1.00000000001
14.84 7.21655002834e-12 1.00000000001
14.85 7.07840962691e-12 1.00000000001
14.86 6.94291039649e-12 1.0
14.87 6.81000190353e-12 1.0
14.88 6.67963467619e-12 1.0
14.89 6.55176018602e-12 1.0
14.9 6.42633083005e-12 1.0
14.91 6.30329991311e-12 1.0
14.92 6.18262163055e-12 1.0
14.93 6.06425105132e-12 1.0
14.94 5.9481441013e-12 1.0
14.95 5.83425754699e-12 1.0
14.96 5.72254897949e-12 1.0
14.97 5.61297679881e-12 1.0
14.98 5.50550019847e-12 1.0
14.99 5.40007915036e-12 1.0
15.0 5.29667438993e-12 1.0
15.01 5.19524740163e-12 1.0
15.02 5.09576040469e-12 1.0
15.03 4.99817633907e-12 1.0
15.04 4.90245885173e-12 1.0
15.05 4.80857228322e-12 1.0
15.06 4.7164816544e-12 1.0
15.07 4.62615265352e-12 1.0
15.08 4.53755162349e-12 1.0
15.09 4.4506455494e-12 1.0
15.1 4.36540204631e-12 1.0
15.11 4.2817893472e-12 1.0
15.12 4.19977629127e-12 1.0
15.13 4.11933231231e-12 1.0
15.14 4.04042742742e-12 1.0
15.15 3.96303222586e-12 1.0
15.16 3.88711785821e-12 1.0
15.17 3.81265602557e-12 1.0
15.18 3.73961896917e-12 1.0
15.19 3.66797946002e-12 1.0
15.2 3.59771078883e-12 1.0
15.21 3.52878675608e-12 1.0
15.22 3.46118166236e-12 1.0
15.23 3.39487029877e-12 1.0
15.24 3.32982793763e-12 1.0
15.25 3.26603032325e-12 1.0
15.26 3.203453663e-12 1.0
15.27 3.14207461841e-12 1.0
15.28 3.08187029656e-12 1.0
15.29 3.0228182416e-12 1.0
15.3 2.96489642634e-12 1.0
15.31 2.90808324419e-12 1.0
15.32 2.85235750102e-12 1.0
15.33 2.79769840741e-12 1.0
15.34 2.74408557084e-12 1.0
15.35 2.69149898818e-12 1.0
15.36 2.63991903825e-12 1.0
15.37 2.58932647453e-12 1.0
15.38 2.53970241802e-12 1.0
15.39 2.49102835022e-12 1.0
15.4 2.44328610629e-12 1.0
15.41 2.39645786827e-12 1.0
15.42 2.35052615847e-12 1.0
15.43 2.30547383301e-12 1.0
15.44 2.26128407541e-12 1.0
15.45 2.21794039037e-12 1.0
15.46 2.17542659765e-12 1.0
15.47 2.13372682606e-12 1.0
15.48 2.09282550752e-12 1.0
15.49 2.05270737136e-12 1.0
15.5 2.01335743857e-12 1.0
15.51 1.97476101629e-12 1.0
15.52 1.93690369231e-12 1.0
15.53 1.89977132975e-12 1.0
15.54 1.86335006179e-12 1.0
15.55 1.82762628652e-12 1.0
15.56 1.79258666188e-12 1.0
15.57 1.75821810071e-12 1.0
15.58 1.72450776591e-12 1.0
15.59 1.69144306561e-12 1.0
15.6 1.65901164855e-12 1.0
15.61 1.62720139946e-12 1.0
15.62 1.59600043454e-12 1.0
15.63 1.56539709709e-12 1.0
15.64 1.53537995315e-12 1.0
15.65 1.50593778723e-12 1.0
15.66 1.47705959818e-12 1.0
15.67 1.44873459507e-12 1.0
15.68 1.4209521932e-12 1.0
15.69 1.39370201013e-12 1.0
15.7 1.36697386186e-12 1.0
15.71 1.34075775902e-12 1.0
15.72 1.31504390317e-12 1.0
15.73 1.28982268312e-12 1.0
15.74 1.26508467141e-12 1.0
15.75 1.24082062074e-12 1.0
15.76 1.21702146061e-12 1.0
15.77 1.19367829386e-12 1.0
15.78 1.17078239341e-12 1.0
15.79 1.14832519903e-12 1.0
15.8 1.12629831408e-12 1.0
15.81 1.10469350249e-12 1.0
15.82 1.08350268559e-12 1.0
15.83 1.06271793919e-12 1.0
15.84 1.04233149058e-12 1.0
15.85 1.02233571565e-12 1.0
15.86 1.00272313606e-12 1.0
15.87 9.83486416465e-13 1.0
15.88 9.64618361743e-13 1.0
15.89 9.46111914367e-13 1.0
15.9 9.27960151749e-13 1.0
15.91 9.10156283672e-13 1.0
15.92 8.9269364976e-13 1.0
15.93 8.75565716997e-13 1.0
15.94 8.587660773e-13 1.0
15.95 8.42288445126e-13 1.0
15.96 8.26126655135e-13 1.0
15.97 8.10274659897e-13 1.0
15.98 7.94726527634e-13 1.0
15.99 7.79476440016e-13 1.0
16.0 7.6451868999e-13 1.0
16.01 7.49847679657e-13 1.0
16.02 7.35457918187e-13 1.0
16.03 7.21344019772e-13 1.0
16.04 7.07500701622e-13 1.0
16.05 6.93922781995e-13 1.0
16.06 6.80605178265e-13 1.0
16.07 6.67542905035e-13 1.0
16.08 6.54731072272e-13 1.0
16.09 6.42164883488e-13 1.0
16.1 6.29839633955e-13 1.0
16.11 6.17750708948e-13 1.0
16.12 6.05893582026e-13 1.0
16.13 5.94263813348e-13 1.0
16.14 5.82857048015e-13 1.0
16.15 5.71669014449e-13 1.0
16.16 5.60695522798e-13 1.0
16.17 5.49932463379e-13 1.0
16.18 5.3937580514e-13 1.0
16.19 5.29021594162e-13 1.0
16.2 5.18865952184e-13 1.0
16.21 5.08905075155e-13 1.0
16.22 4.99135231818e-13 1.0
16.23 4.89552762318e-13 1.0
16.24 4.80154076835e-13 1.0
16.25 4.70935654251e-13 1.0
16.26 4.61894040829e-13 1.0
16.27 4.53025848934e-13 1.0
16.28 4.44327755762e-13 1.0
16.29 4.35796502103e-13 1.0
16.3 4.27428891128e-13 1.0
16.31 4.19221787194e-13 1.0
16.32 4.11172114672e-13 1.0
16.33 4.03276856807e-13 1.0
16.34 3.95533054584e-13 1.0
16.35 3.87937805629e-13 1.0
16.36 3.80488263127e-13 1.0
16.37 3.73181634755e-13 1.0
16.38 3.66015181645e-13 1.0
16.39 3.58986217359e-13 1.0
16.4 3.52092106887e-13 1.0
16.41 3.45330265666e-13 1.0
16.42 3.3869815861e-13 1.0
16.43 3.32193299171e-13 1.0
16.44 3.25813248404e-13 1.0
16.45 3.19555614063e-13 1.0
16.46 3.13418049702e-13 1.0
16.47 3.07398253803e-13 1.0
16.48 3.01493968915e-13 1.0
16.49 2.95702980814e-13 1.0
16.5 2.90023117671e-13 1.0
16.51 2.84452249247e-13 1.0
16.52 2.78988286094e-13 1.0
16.53 2.73629178775e-13 1.0
16.54 2.68372917101e-13 1.0
16.55 2.63217529376e-13 1.0
16.56 2.58161081666e-13 1.0
16.57 2.53201677073e-13 1.0
16.58 2.48337455027e-13 1.0
16.59 2.43566590592e-13 1.0
16.6 2.38887293784e-13 1.0
16.61 2.34297808903e-13 1.0
16.62 2.29796413876e-13 1.0
16.63 2.25381419613e-13 1.0
16.64 2.21051169378e-13 1.0
16.65 2.16804038169e-13 1.0
16.66 2.12638432111e-13 1.0
16.67 2.08552787861e-13 1.0
16.68 2.0454557202e-13 1.0
16.69 2.00615280568e-13 1.0
16.7 1.96760438293e-13 1.0
16.71 1.92979598246e-13 1.0
16.72 1.89271341197e-13 1.0
16.73 1.85634275106e-13 1.0
16.74 1.82067034601e-13 1.0
16.75 1.78568280472e-13 1.0
16.76 1.75136699165e-13 1.0
16.77 1.71771002291e-13 1.0
16.78 1.68469926152e-13 1.0
16.79 1.65232231258e-13 1.0
16.8 1.62056701872e-13 1.0
16.81 1.58942145551e-13 1.0
16.82 1.558873927e-13 1.0
16.83 1.52891296138e-13 1.0
16.84 1.49952730666e-13 1.0
16.85 1.47070592648e-13 1.0
16.86 1.44243799595e-13 1.0
16.87 1.41471289767e-13 1.0
16.88 1.38752021766e-13 1.0
16.89 1.36084974156e-13 1.0
16.9 1.33469145076e-13 1.0
16.91 1.30903551865e-13 1.0
16.92 1.28387230697e-13 1.0
16.93 1.25919236218e-13 1.0
16.94 1.23498641193e-13 1.0
16.95 1.21124536161e-13 1.0
16.96 1.18796029093e-13 1.0
16.97 1.16512245055e-13 1.0
16.98 1.14272325889e-13 1.0
16.99 1.12075429883e-13 1.0
17.0 1.09920731462e-13 1.0
17.01 1.07807420875e-13 1.0
17.02 1.05734703897e-13 1.0
17.03 1.03701801525e-13 1.0
17.04 1.01707949693e-13 1.0
17.05 9.97523989813e-14 1.0
17.06 9.78344143383e-14 1.0
17.07 9.59532748049e-14 1.0
17.08 9.41082732446e-14 1.0
17.09 9.22987160784e-14 1.0
17.1 9.05239230257e-14 1.0
17.11 8.87832268491e-14 1.0
17.12 8.70759731051e-14 1.0
17.13 8.54015198985e-14 1.0
17.14 8.37592376426e-14 1.0
17.15 8.21485088228e-14 1.0
17.16 8.0568727766e-14 1.0
17.17 7.90193004134e-14 1.0
17.18 7.74996440983e-14 1.0
17.19 7.60091873273e-14 1.0
17.2 7.4547369567e-14 1.0
17.21 7.31136410336e-14 1.0
17.22 7.17074624869e-14 1.0
17.23 7.03283050286e-14 1.0
17.24 6.89756499042e-14 1.0
17.25 6.76489883081e-14 1.0
17.26 6.63478211937e-14 1.0
17.27 6.50716590859e-14 1.0
17.28 6.38200218981e-14 1.0
17.29 6.2592438752e-14 1.0
17.3 6.13884478013e-14 1.0
17.31 6.02075960587e-14 1.0
17.32 5.9049439226e-14 1.0
17.33 5.79135415277e-14 1.0
17.34 5.67994755477e-14 1.0
17.35 5.5706822069e-14 1.0
17.36 5.46351699168e-14 1.0
17.37 5.3584115804e-14 1.0
17.38 5.25532641804e-14 1.0
17.39 5.15422270844e-14 1.0
17.4 5.05506239973e-14 1.0
17.41 4.95780817008e-14 1.0
17.42 4.86242341373e-14 1.0
17.43 4.76887222724e-14 1.0
17.44 4.67711939601e-14 1.0
17.45 4.58713038114e-14 1.0
17.46 4.49887130641e-14 1.0
17.47 4.41230894564e-14 1.0
17.48 4.32741071016e-14 1.0
17.49 4.24414463665e-14 1.0
17.5 4.16247937515e-14 1.0
17.51 4.08238417724e-14 1.0
17.52 4.00382888459e-14 1.0
17.53 3.92678391758e-14 1.0
17.54 3.85122026427e-14 1.0
17.55 3.77710946945e-14 1.0
17.56 3.70442362402e-14 1.0
17.57 3.6331353545e-14 1.0
17.58 3.56321781274e-14 1.0
17.59 3.49464466588e-14 1.0
17.6 3.42739008647e-14 1.0
17.61 3.36142874276e-14 1.0
17.62 3.29673578921e-14 1.0
17.63 3.23328685713e-14 1.0
17.64 3.17105804562e-14 1.0
17.65 3.11002591251e-14 1.0
17.66 3.05016746561e-14 1.0
17.67 2.99146015408e-14 1.0
17.68 2.93388185996e-14 1.0
17.69 2.87741088985e-14 1.0
17.7 2.82202596681e-14 1.0
17.71 2.76770622234e-14 1.0
17.72 2.71443118856e-14 1.0
17.73 2.66218079051e-14 1.0
17.74 2.61093533865e-14 1.0
17.75 2.56067552144e-14 1.0
17.76 2.51138239808e-14 1.0
17.77 2.46303739143e-14 1.0
17.78 2.41562228102e-14 1.0
17.79 2.36911919621e-14 1.0
17.8 2.32351060948e-14 1.0
17.81 2.27877932984e-14 1.0
17.82 2.23490849638e-14 1.0
17.83 2.19188157197e-14 1.0
17.84 2.14968233698e-14 1.0
17.85 2.10829488326e-14 1.0
17.86 2.06770360812e-14 1.0
17.87 2.02789320849e-14 1.0
17.88 1.98884867515e-14 1.0
17.89 1.95055528714e-14 1.0
17.9 1.91299860618e-14 1.0
17.91 1.87616447126e-14 1.0
17.92 1.84003899334e-14 1.0
17.93 1.8046085501e-14 1.0
17.94 1.76985978087e-14 1.0
17.95 1.73577958156e-14 1.0
17.96 1.70235509975e-14 1.0
17.97 1.66957372988e-14 1.0
17.98 1.63742310851e-14 1.0
17.99 1.60589110966e-14 1.0
18.0 1.57496584024e-14 1.0
18.01 1.54463563562e-14 1.0
18.02 1.51488905523e-14 1.0
18.03 1.48571487824e-14 1.0
18.04 1.45710209938e-14 1.0
18.05 1.42903992477e-14 1.0
18.06 1.40151776786e-14 1.0
18.07 1.37452524551e-14 1.0
18.08 1.348052174e-14 1.0
18.09 1.32208856527e-14 1.0
18.1 1.29662462314e-14 1.0
18.11 1.27165073962e-14 1.0
18.12 1.24715749132e-14 1.0
18.13 1.22313563587e-14 1.0
18.14 1.19957610849e-14 1.0
18.15 1.17647001855e-14 1.0
18.16 1.15380864623e-14 1.0
18.17 1.13158343928e-14 1.0
18.18 1.10978600973e-14 1.0
18.19 1.0884081308e-14 1.0
18.2 1.06744173379e-14 1.0
18.21 1.04687890503e-14 1.0
18.22 1.02671188291e-14 1.0
18.23 1.00693305496e-14 1.0
18.24 9.87534955016e-15 1.0
18.25 9.68510260361e-15 1.0
18.26 9.49851789006e-15 1.0
18.27 9.31552496979e-15 1.0
18.28 9.13605475671e-15 1.0
18.29 8.96003949244e-15 1.0
18.3 8.78741272077e-15 1.0
18.31 8.61810926267e-15 1.0
18.32 8.45206519177e-15 1.0
18.33 8.28921781032e-15 1.0
18.34 8.12950562557e-15 1.0
18.35 7.97286832666e-15 1.0
18.36 7.81924676191e-15 1.0
18.37 7.66858291655e-15 1.0
18.38 7.52081989093e-15 1.0
18.39 7.37590187905e-15 1.0
18.4 7.23377414759e-15 1.0
18.41 7.09438301533e-15 1.0
18.42 6.9576758329e-15 1.0
18.43 6.82360096297e-15 1.0
18.44 6.69210776087e-15 1.0
18.45 6.56314655545e-15 1.0
18.46 6.43666863042e-15 1.0
18.47 6.31262620603e-15 1.0
18.48 6.19097242103e-15 1.0
18.49 6.07166131507e-15 1.0
18.5 5.95464781139e-15 1.0
18.51 5.83988769984e-15 1.0
18.52 5.72733762024e-15 1.0
18.53 5.61695504603e-15 1.0
18.54 5.5086982683e-15 1.0
18.55 5.40252638004e-15 1.0
18.56 5.29839926079e-15 1.0
18.57 5.19627756147e-15 1.0
18.58 5.09612268959e-15 1.0
18.59 4.99789679473e-15 1.0
18.6 4.90156275425e-15 1.0
18.61 4.80708415934e-15 1.0
18.62 4.71442530129e-15 1.0
18.63 4.62355115805e-15 1.0
18.64 4.53442738102e-15 1.0
18.65 4.44702028213e-15 1.0
18.66 4.36129682113e-15 1.0
18.67 4.27722459318e-15 1.0
18.68 4.19477181659e-15 1.0
18.69 4.11390732087e-15 1.0
18.7 4.03460053503e-15 1.0
18.71 3.95682147596e-15 1.0
18.72 3.88054073725e-15 1.0
18.73 3.80572947801e-15 1.0
18.74 3.73235941208e-15 1.0
18.75 3.6604027973e-15 1.0
18.76 3.58983242512e-15 1.0
18.77 3.5206216103e-15 1.0
18.78 3.45274418088e-15 1.0
18.79 3.3861744683e-15 1.0
18.8 3.32088729775e-15 1.0
18.81 3.25685797864e-15 1.0
18.82 3.19406229532e-15 1.0
18.83 3.13247649798e-15 1.0
18.84 3.07207729363e-15 1.0
18.85 3.01284183736e-15 1.0
18.86 2.95474772376e-15 1.0
18.87 2.8977729784e-15 1.0
18.88 2.84189604959e-15 1.0
18.89 2.78709580026e-15 1.0
18.9 2.73335149997e-15 1.0
18.91 2.68064281711e-15 1.0
18.92 2.62894981122e-15 1.0
18.93 2.57825292548e-15 1.0
18.94 2.52853297932e-15 1.0
18.95 2.47977116123e-15 1.0
18.96 2.4319490216e-15 1.0
18.97 2.38504846581e-15 1.0
18.98 2.33905174742e-15 1.0
18.99 2.29394146141e-15 1.0
19.0 2.24970053769e-15 1.0
19.01 2.2063122346e-15 1.0
19.02 2.16376013265e-15 1.0
19.03 2.12202812827e-15 1.0
19.04 2.0811004278e-15 1.0
19.05 2.04096154146e-15 1.0
19.06 2.00159627758e-15 1.0
19.07 1.96298973681e-15 1.0
19.08 1.92512730652e-15 1.0
19.09 1.88799465531e-15 1.0
19.1 1.85157772755e-15 1.0
19.11 1.81586273815e-15 1.0
19.12 1.78083616728e-15 1.0
19.13 1.74648475533e-15 1.0
19.14 1.71279549786e-15 1.0
19.15 1.67975564074e-15 1.0
19.16 1.64735267529e-15 1.0
19.17 1.6155743336e-15 1.0
19.18 1.58440858387e-15 1.0
19.19 1.55384362587e-15 1.0
19.2 1.52386788654e-15 1.0
19.21 1.49447001552e-15 1.0
19.22 1.46563888097e-15 1.0
19.23 1.43736356531e-15 1.0
19.24 1.4096333611e-15 1.0
19.25 1.38243776703e-15 1.0
19.26 1.35576648392e-15 1.0
19.27 1.32960941086e-15 1.0
19.28 1.30395664137e-15 1.0
19.29 1.27879845969e-15 1.0
19.3 1.2541253371e-15 1.0
19.31 1.22992792828e-15 1.0
19.32 1.20619706788e-15 1.0
19.33 1.18292376695e-15 1.0
19.34 1.16009920962e-15 1.0
19.35 1.13771474974e-15 1.0
19.36 1.11576190762e-15 1.0
19.37 1.09423236683e-15 1.0
19.38 1.07311797107e-15 1.0
19.39 1.05241072105e-15 1.0
19.4 1.03210277153e-15 1.0
19.41 1.01218642831e-15 1.0
19.42 9.92654145327e-16 1.0
19.43 9.7349852183e-16 1.0
19.44 9.54712299567e-16 1.0
19.45 9.36288360045e-16 1.0
19.46 9.18219721845e-16 1.0
19.47 9.00499537981e-16 1.0
19.48 8.83121093315e-16 1.0
19.49 8.66077802018e-16 1.0
19.5 8.49363205088e-16 1.0
19.51 8.32970967903e-16 1.0
19.52 8.1689487783e-16 1.0
19.53 8.01128841878e-16 1.0
19.54 7.85666884396e-16 1.0
19.55 7.70503144816e-16 1.0
19.56 7.55631875435e-16 1.0
19.57 7.41047439247e-16 1.0
19.58 7.26744307809e-16 1.0
19.59 7.12717059156e-16 1.0
19.6 6.98960375749e-16 1.0
19.61 6.85469042465e-16 1.0
19.62 6.72237944629e-16 1.0
19.63 6.59262066077e-16 1.0
19.64 6.46536487264e-16 1.0
19.65 6.340563834e-16 1.0
19.66 6.21817022631e-16 1.0
19.67 6.09813764247e-16 1.0
19.68 5.98042056929e-16 1.0
19.69 5.86497437029e-16 1.0
19.7 5.75175526881e-16 1.0
19.71 5.64072033147e-16 1.0
19.72 5.53182745195e-16 1.0
19.73 5.42503533503e-16 1.0
19.74 5.32030348103e-16 1.0
19.75 5.21759217046e-16 1.0
19.76 5.11686244903e-16 1.0
19.77 5.01807611288e-16 1.0
19.78 4.92119569418e-16 1.0
19.79 4.82618444691e-16 1.0
19.8 4.73300633302e-16 1.0
19.81 4.64162600877e-16 1.0
19.82 4.55200881135e-16 1.0
19.83 4.46412074582e-16 1.0
19.84 4.37792847219e-16 1.0
19.85 4.29339929286e-16 1.0
19.86 4.21050114023e-16 1.0
19.87 4.12920256457e-16 1.0
19.88 4.04947272215e-16 1.0
19.89 3.97128136353e-16 1.0
19.9 3.89459882214e-16 1.0
19.91 3.81939600306e-16 1.0
19.92 3.74564437202e-16 1.0
19.93 3.67331594459e-16 1.0
19.94 3.60238324227e-16 1.0
19.95 3.53281941603e-16 1.0
19.96 3.4642648584e-16 1.0
19.97 3.3973664664e-16 1.0
19.98 0 1.0
19.99 0 1.0
20.0 0.0784308120402 1.07843081204
