0.0 0 0.0 0.0
0.1 -0.0993961716142 0.0 -0.0993961716142
0.2 -0.195616360687 -4.15930256514e-07 -0.195615944757
0.3 -0.286546027567 -1.15448896898e-06 -0.286544873078
0.4 -0.370941592769 -2.14253296976e-06 -0.370939450236
0.5 -0.448184161078 -3.32283520532e-06 -0.448180838243
0.6 -0.518093911658 -4.65071790923e-06 -0.51808926094
0.7 -0.580791252683 -6.09138340113e-06 -0.580785161299
0.8 -0.63659388541 -7.61780021952e-06 -0.63658626761
0.9 -0.68594132141 -9.20903097124e-06 -0.685932112379
1.0 -0.729340282438 -1.08489112107e-05 -0.729329433527
1.1 -0.767325892446 -1.25250070345e-05 -0.767313367439
1.2 -0.800434730557 -1.42277937568e-05 -0.800420502763
1.3 -0.829186720117 -1.59500097662e-05 -0.829170770107
1.4 -0.854073535849 -1.76861490405e-05 -0.854055849699
1.5 -0.875551761144 -1.94320632847e-05 -0.87553232908
1.6 -0.894039454307 -2.11846506223e-05 -0.894018269656
1.7 -0.90991511272 -2.2941612535e-05 -0.909892171107
1.8 -0.923518278412 -2.47012645381e-05 -0.923493577148
1.9 -0.935151224006 -2.64623890951e-05 -0.935124761617
2.0 -0.945081307455 -2.82241216808e-05 -0.945053083334
2.1 -0.953543697719 -2.99858628078e-05 -0.953513711857
2.2 -0.960744259521 -3.1747210347e-05 -0.96071251231
2.3 -0.96686244995 -3.3507907676e-05 -0.966828942043
2.4 -0.972054127837 -3.52678041404e-05 -0.972018860033
2.5 -0.976454212328 -3.70268250692e-05 -0.976417185503
2.6 -0.980179153034 -3.87849491774e-05 -0.980140368085
2.7 -0.983329192704 -4.05421916654e-05 -0.983288650512
2.8 -0.985990416469 -4.22985916914e-05 -0.985948117877
2.9 -0.988236590696 -4.40542031859e-05 -0.988192536493
3.0 -0.990130800382 -4.58090882093e-05 -0.990084991293
3.1 -0.991726897703 -4.75633122332e-05 -0.991679334391
3.2 -0.993070776394 -4.93169408636e-05 -0.993021459453
3.3 -0.994201487476 -5.10700376416e-05 -0.994150417439
3.4 -0.995152212012 -5.28226626355e-05 -0.995099389349
3.5 -0.995951106027 -5.45748716128e-05 -0.995896531155
3.6 -0.996622031997 -5.63267156252e-05 -0.996565705281
3.7 -0.997185190264 -5.80782408858e-05 -0.997127112023
3.8 -0.997657662608 -5.98294888461e-05 -0.997597833119
3.9 -0.998053879099 -6.15804964033e-05 -0.997992298603
4.0 -0.998386018157 -6.33312961899e-05 -0.99832268686
4.1 -0.99866434871 -6.50819169067e-05 -0.998599266793
4.2 -0.998897522298 -6.68323836768e-05 -0.998830689914
4.3 -0.999092822012 -6.8582718399e-05 -0.999024239294
4.4 -0.999256374335 -7.03329400917e-05 -0.999186041394
4.5 -0.999393329143 -7.2083065217e-05 -0.999321246078
4.6 -0.999508012458 -7.38331079829e-05 -0.99943417935
4.7 -0.999604055907 -7.55830806195e-05 -0.999528472826
4.8 -0.999684506322 -7.73329936293e-05 -0.999607173328
4.9 -0.999751918419 -7.90828560114e-05 -0.999672835563
5.0 -0.999808433097 -8.0832675462e-05 -0.999727600421
5.1 -0.999855843515 -8.25824585503e-05 -0.999773261056
5.2 -0.999895650816 -8.43322108748e-05 -0.999811318605
5.3 -0.999929111076 -8.60819371989e-05 -0.999843029139
5.4 -0.99995727482 -8.78316415702e-05 -0.999869443178
5.5 -0.999981020272 -8.95813274232e-05 -0.999891438945
5.6 -1.0000010813 -9.13309976686e-05 -0.999909750306
5.7 -1.00001807091 -9.308065477e-05 -0.999924990252
5.8 -1.0000325009 -9.48303008113e-05 -0.999937670603
5.9 -1.00004479849 -9.65799375524e-05 -0.99994821855
6.0 -1.00005532008 -9.83295664786e-05 -0.999956990514
6.1 -1.00006436295 -0.000100079188842 -0.999964283765
6.2 -1.00007217497 -0.000101828805699 -0.999970346161
6.3 -1.00007896271 -0.000103578417936 -0.999975384289
6.4 -1.00008489831 -0.000105328026301 -0.999979570283
6.5 -1.00009012516 -0.000107077631423 -0.999983047529
6.6 -1.00009476266 -0.000108827233828 -0.999985935431
6.7 -1.00009891022 -0.00011057683396 -0.99998833339
6.8 -1.00010265057 -0.000112326432191 -0.999990324138
6.9 -1.00010605254 -0.000114076028832 -0.999991976511
7.0 -1.00010917339 -0.000115825624143 -0.99999334777
7.1 -1.00011206075 -0.000117575218344 -0.999994485535
7.2 -1.00011475421 -0.000119324811617 -0.999995429399
7.3 -1.00011728668 -0.000121074404117 -0.999996212273
7.4 -1.0001196855 -0.000122823995971 -0.999996861509
7.5 -1.00012197342 -0.000124573587286 -0.99999739983
7.6 -1.00012416929 -0.000126323178151 -0.999997846116
7.7 -1.00012628881 -0.000128072768642 -0.999998216044
7.8 -1.00012834499 -0.00012982235882 -0.999998522632
7.9 -1.00013034864 -0.000131571948739 -0.999998776688
8.0 -1.00013230872 -0.000133321538441 -0.999998987183
8.1 -1.00013423269 -0.000135071127962 -0.999999161562
8.2 -1.00013612672 -0.000136820717333 -0.999999306002
8.3 -1.00013799593 -0.00013857030658 -0.999999425626
8.4 -1.00013984458 -0.000140319895723 -0.999999524686
8.5 -1.00014167619 -0.000142069484779 -0.999999606706
8.6 -1.00014349368 -0.000143819073763 -0.999999674609
8.7 -1.00014529948 -0.000145568662688 -0.999999730817
8.8 -1.00014709559 -0.000147318251563 -0.999999777339
8.9 -1.00014888368 -0.000149067840397 -0.999999815841
9.0 -1.00015066513 -0.000150817429196 -0.9999998477
9.1 -1.00015244108 -0.000152567017966 -0.999999874061
9.2 -1.00015421248 -0.000154316606713 -0.999999895869
9.3 -1.0001559801 -0.000156066195441 -0.999999913909
9.4 -1.00015774461 -0.000157815784152 -0.99999992883
9.5 -1.00015950654 -0.000159565372849 -0.999999941171
9.6 -1.00016126634 -0.000161314961535 -0.999999951376
9.7 -1.00016302436 -0.000163064550212 -0.999999959814
9.8 -1.00016478093 -0.000164814138881 -0.999999966791
9.9 -1.00016653629 -0.000166563727543 -0.999999972559
10.0 -1.00016829064 -0.0001683133162 -0.999999977327
10.1 -1.00017004417 -0.000170062904852 -0.999999981268
10.2 -1.00017179702 -0.000171812493501 -0.999999984526
10.3 -1.0001735493 -0.000173562082147 -0.999999987218
10.4 -1.00017530111 -0.000175311670791 -0.999999989442
10.5 -1.00017705254 -0.000177061259432 -0.99999999128
10.6 -1.00017880365 -0.000178810848072 -0.999999992799
10.7 -1.00018055449 -0.000180560436711 -0.999999994053
10.8 -1.00018230511 -0.000182310025348 -0.99999999509
10.9 -1.00018405556 -0.000184059613985 -0.999999995946
11.0 -1.00018580586 -0.000185809202621 -0.999999996653
11.1 -1.00018755603 -0.000187558791256 -0.999999997237
11.2 -1.0001893061 -0.000189308379891 -0.999999997719
11.3 -1.00019105609 -0.000191057968525 -0.999999998117
11.4 -1.000192806 -0.000192807557159 -0.999999998446
11.5 -1.00019455586 -0.000194557145793 -0.999999998717
11.6 -1.00019630568 -0.000196306734426 -0.999999998941
11.7 -1.00019805545 -0.000198056323059 -0.999999999126
11.8 -1.00019980519 -0.000199805911692 -0.999999999279
11.9 -1.00020155491 -0.000201555500325 -0.999999999405
12.0 -1.0002033046 -0.000203305088958 -0.999999999509
12.1 -1.00020505427 -0.000205054677591 -0.999999999595
12.2 -1.00020680393 -0.000206804266224 -0.999999999666
12.3 -1.00020855358 -0.000208553854857 -0.999999999724
12.4 -1.00021030322 -0.000210303443489 -0.999999999773
12.5 -1.00021205284 -0.000212053032122 -0.999999999813
12.6 -1.00021380247 -0.000213802620754 -0.999999999845
12.7 -1.00021555208 -0.000215552209387 -0.999999999872
12.8 -1.00021730169 -0.000217301798019 -0.999999999895
12.9 -1.0002190513 -0.000219051386652 -0.999999999913
13.0 -1.0002208009 -0.000220800975284 -0.999999999928
13.1 -1.0002225505 -0.000222550563917 -0.999999999941
13.2 -1.0002243001 -0.000224300152549 -0.999999999951
13.3 -1.0002260497 -0.000226049741182 -0.99999999996
13.4 -1.0002277993 -0.000227799329815 -0.999999999967
13.5 -1.00022954889 -0.000229548918448 -0.999999999973
13.6 -1.00023129848 -0.000231298507081 -0.999999999978
13.7 -1.00023304808 -0.000233048095713 -0.999999999981
13.8 -1.00023479767 -0.000234797684346 -0.999999999985
13.9 -1.00023654726 -0.000236547272978 -0.999999999987
14.0 -1.00023829685 -0.000238296861611 -0.99999999999
14.1 -1.00024004644 -0.000240046450243 -0.999999999991
14.2 -1.00024179603 -0.000241796038875 -0.999999999993
14.3 -1.00024354562 -0.000243545627507 -0.999999999994
14.4 -1.00024529521 -0.000245295216139 -0.999999999995
14.5 -1.0002470448 -0.000247044804772 -0.999999999996
14.6 -1.00024879439 -0.000248794393404 -0.999999999997
14.7 -1.00025054398 -0.000250543982037 -0.999999999997
14.8 -1.00025229357 -0.000252293570669 -0.999999999998
14.9 -1.00025404316 -0.000254043159302 -0.999999999998
15.0 -1.00025579275 -0.000255792747934 -0.999999999999
15.1 -1.00025754234 -0.000257542336566 -0.999999999999
15.2 -1.00025929192 -0.000259291925198 -0.999999999999
15.3 -1.00026104151 -0.00026104151383 -0.999999999999
15.4 -1.0002627911 -0.000262791102462 -0.999999999999
15.5 -1.00026454069 -0.000264540691094 -0.999999999999
15.6 -1.00026629028 -0.000266290279726 -1.0
15.7 -1.00026803987 -0.000268039868358 -1.0
15.8 -1.00026978946 -0.00026978945699 -1.0
15.9 -1.00027153905 -0.000271539045621 -1.0
16.0 -1.00027328863 -0.000273288634253 -1.0
16.1 -1.00027503822 -0.000275038222885 -1.0
16.2 -1.00027678781 -0.000276787811517 -1.0
16.3 -1.0002785374 -0.000278537400149 -1.0
16.4 -1.00028028699 -0.000280286988782 -1.0
16.5 -1.00028203658 -0.000282036577414 -1.0
16.6 -1.00028378617 -0.000283786166047 -1.0
16.7 -1.00028553575 -0.000285535754679 -1.0
16.8 -1.00028728534 -0.000287285343311 -1.0
16.9 -1.00028903493 -0.000289034931943 -1.0
17.0 -1.00029078452 -0.000290784520576 -1.0
17.1 -1.00029253411 -0.000292534109208 -1.0
17.2 -1.0002942837 -0.00029428369784 -1.0
17.3 -1.00029603329 -0.000296033286472 -1.0
17.4 -1.00029778288 -0.000297782875104 -1.0
17.5 -1.00029953246 -0.000299532463736 -1.0
17.6 -1.00030128205 -0.000301282052369 -1.0
17.7 -1.00030303164 -0.000303031641001 -1.0
17.8 -1.00030478123 -0.000304781229633 -1.0
17.9 -1.00030653082 -0.000306530818265 -1.0
18.0 -1.00030828041 -0.000308280406897 -1.0
18.1 -1.00031003 -0.00031002999553 -1.0
18.2 -1.00031177958 -0.000311779584162 -1.0
18.3 -1.00031352917 -0.000313529172794 -1.0
18.4 -1.00031527876 -0.000315278761427 -1.0
18.5 -1.00031702835 -0.00031702835006 -1.0
18.6 -1.00031877794 -0.000318777938693 -1.0
18.7 -1.00032052753 -0.000320527527325 -1.0
18.8 -1.00032227712 -0.000322277115958 -1.0
18.9 -1.0003240267 -0.000324026704591 -1.0
19.0 -1.00032577629 -0.000325776293224 -1.0
19.1 -1.00032752588 -0.000327525881857 -1.0
19.2 -1.00032927547 -0.00032927547049 -1.0
19.3 -1.00033102506 -0.000331025059123 -1.0
19.4 -1.00033277465 -0.000332774647756 -1.0
19.5 -1.00033452424 -0.000334524236389 -1.0
19.6 -1.00033627383 -0.000336273825022 -1.0
19.7 -1.00033802341 -0.000338023413655 -1.0
19.8 -1.000339773 -0.000339773002288 -1.0
19.9 -1.00034152259 -0.000341522590921 -1.0
20.0 -1.00034327218 -0.000343272179555 -1.0
