0.0 0 0.0 0.0
0.01 0 0.00999933996018 -0.00999933996018
0.02 0.000235102663307 0.0202298747279 -0.0199947720646
0.03 0.000694769649947 0.0306773000582 -0.0299825304082
0.04 0.00136878778417 0.0413277875421 -0.0399589997579
0.05 0.0022472603091 0.0521679713713 -0.0499207110622
0.06 0.0033205983602 0.06318493544 -0.0598643370798
0.07 0.00457951265235 0.0743662007756 -0.0697866881233
0.08 0.0060150053755 0.085699713292 -0.0796847079165
0.09 0.00761836229364 0.0971738318554 -0.0895554695617
0.1 0.00938114504257 0.108777316657 -0.0993961716142
0.11 0.0112951836214 0.120499317883 -0.109204134262
0.12 0.0133525690733 0.132329364679 -0.118976795605
0.13 0.0155456463508 0.144257354393 -0.128711708042
0.14 0.0178670073613 0.156273542102 -0.13840653474
0.15 0.0203094841888 0.168368530405 -0.148059046216
0.16 0.0228661424865 0.180533259481 -0.157667116995
0.17 0.0255302750376 0.192758997405 -0.167228722368
0.18 0.0282953954791 0.205037330715 -0.176741935236
0.19 0.0311552321855 0.217360155223 -0.186204923037
0.2 0.0341037223075 0.229719667065 -0.195615944757
0.21 0.0371350059634 0.242108353987 -0.204973348024
0.22 0.0402434205778 0.254518986856 -0.214275566279
0.23 0.0434234953658 0.266944611392 -0.223521116026
0.24 0.0466699459574 0.279378540118 -0.23270859416
0.25 0.0499776691605 0.29181434452 -0.241836675359
0.26 0.0533417378573 0.304245847415 -0.250904109558
0.27 0.0567573960324 0.316667115517 -0.259909719485
0.28 0.0602200539288 0.329072452202 -0.268852398274
0.29 0.0637252833279 0.341456390459 -0.277731107131
0.3 0.0672688129523 0.35381368603 -0.286544873078
0.31 0.0708465239865 0.366139310737 -0.295292786751
0.32 0.0744544457137 0.378428445977 -0.303974000263
0.33 0.0780887512658 0.390676476392 -0.312587725126
0.34 0.0817457534835 0.402878983714 -0.32113323023
0.35 0.0854219008839 0.415031740765 -0.329609839882
0.36 0.0891137737328 0.427130705627 -0.338016931894
0.37 0.0928180802202 0.439172015956 -0.346353935736
0.38 0.0965316527346 0.451151983461 -0.354620330726
0.39 0.100251444235 0.463067088521 -0.362815644286
0.4 0.103974524718 0.474913974954 -0.370939450236
0.41 0.107698077779 0.486689444925 -0.378991367147
0.42 0.111419397259 0.498390453989 -0.386971056731
0.43 0.115135883985 0.510014106271 -0.394878222286
0.44 0.118845042596 0.521557649775 -0.402712607179
0.45 0.122544478447 0.533018471824 -0.410473993376
0.46 0.126231894601 0.544394094618 -0.418162200017
0.47 0.129905088898 0.555682170921 -0.425777082023
0.48 0.133561951102 0.566880479859 -0.433318528757
0.49 0.137200460124 0.577986922835 -0.440786462711
0.5 0.14081868132 0.588999519563 -0.448180838243
0.51 0.14441476386 0.599916404199 -0.455501640339
0.52 0.147986938164 0.610735821586 -0.462748883423
0.53 0.151533513413 0.621456123608 -0.469922610195
0.54 0.155052875126 0.632075765633 -0.477022890507
0.55 0.158543482794 0.642593303062 -0.484049820268
0.56 0.162003867586 0.653007387975 -0.491003520388
0.57 0.165432630118 0.663316765867 -0.497884135748
0.58 0.168828438273 0.673520272479 -0.504691834205
0.59 0.172190025089 0.683616830713 -0.511426805624
0.6 0.1755161867 0.69360544764 -0.51808926094
0.61 0.178805780334 0.703485211586 -0.524679431252
0.62 0.182057722366 0.713255289305 -0.531197566939
0.63 0.185270986425 0.72291492323 -0.537643936805
0.64 0.188444601546 0.732463428803 -0.544018827257
0.65 0.191577650387 0.741900191881 -0.550322541494
0.66 0.194669267477 0.751224666214 -0.556555398737
0.67 0.197718637529 0.760436370999 -0.562717733471
0.68 0.200724993786 0.769534888504 -0.568809894718
0.69 0.203687616422 0.778519861751 -0.574832245329
0.7 0.206605830986 0.787390992285 -0.580785161299
0.71 0.209479006881 0.796148037987 -0.586669031106
0.72 0.212306555897 0.804790810964 -0.592484255067
0.73 0.215087930779 0.813319175496 -0.598231244718
0.74 0.217822623832 0.821733046044 -0.603910422212
0.75 0.220510165575 0.830032385315 -0.60952221974
0.76 0.22315012342 0.838217202384 -0.615067078964
0.77 0.225742100401 0.846287550875 -0.620545450474
0.78 0.228285733929 0.854243527191 -0.625957793263
0.79 0.230780694586 0.8620852688 -0.631304574213
0.8 0.233226684959 0.869812952568 -0.63658626761
0.81 0.235623438493 0.877426793151 -0.641803354659
0.82 0.237970718392 0.884927041423 -0.646956323031
0.83 0.240268316545 0.892313982959 -0.652045666414
0.84 0.242516052479 0.899587936566 -0.657071884087
0.85 0.244713772347 0.906749252849 -0.662035480502
0.86 0.246861347948 0.913798312833 -0.666936964885
0.87 0.248958675767 0.920735526614 -0.671776850846
0.88 0.251005676052 0.927561332064 -0.676555656013
0.89 0.253002291908 0.93427619357 -0.681273901662
0.9 0.254948488428 0.940880600807 -0.685932112379
0.91 0.256844251843 0.947375067559 -0.690530815716
0.92 0.258689588698 0.953760130573 -0.695070541875
0.93 0.260484525053 0.960036348443 -0.69955182339
0.94 0.262229105708 0.96620430054 -0.703975194832
0.95 0.263923393451 0.972264585967 -0.708341192516
0.96 0.265567468327 0.978217822551 -0.712650354225
0.97 0.267161426929 0.984064645867 -0.716903218938
0.98 0.268705381717 0.989805708293 -0.721100326576
0.99 0.270199460342 0.995441678093 -0.725242217751
1.0 0.27164380501 1.00097323854 -0.729329433527
1.01 0.273038571849 1.00640108704 -0.733362515189
1.02 0.274383930307 1.01172593433 -0.737342004026
1.03 0.275680062556 1.01694850367 -0.741268441114
1.04 0.276927162931 1.02206953005 -0.745142367115
1.05 0.278125437369 1.02708975945 -0.748964322081
1.06 0.279275102877 1.03200994814 -0.752734845266
1.07 0.280376387012 1.03683086196 -0.756454474945
1.08 0.28142952738 1.04155327562 -0.760123748241
1.09 0.282434771146 1.04617797211 -0.763743200961
1.1 0.283392374562 1.050705742 -0.767313367439
1.11 0.284302602514 1.05513738289 -0.770834780379
1.12 0.285165728075 1.05947369879 -0.774307970716
1.13 0.285982032083 1.06371549955 -0.777733467472
1.14 0.286751802717 1.06786360035 -0.781111797629
1.15 0.287475335107 1.0719188211 -0.784443485996
1.16 0.288152930936 1.07588198603 -0.787729055095
1.17 0.288784898073 1.07975392311 -0.79096902504
1.18 0.289371550204 1.08353546364 -0.794163913432
1.19 0.289913206483 1.08722744174 -0.797314235252
1.2 0.290410191193 1.09083069396 -0.800420502763
1.21 0.290862833415 1.09434605883 -0.803483225415
1.22 0.291271466717 1.09777437647 -0.806502909754
1.23 0.291636428838 1.10111648818 -0.809480059343
1.24 0.291958061402 1.10437323608 -0.812415174673
1.25 0.292236709624 1.10754546272 -0.815308753096
1.26 0.292472722037 1.11063401078 -0.818161288746
1.27 0.292666450226 1.1136397227 -0.820973272475
1.28 0.29281824857 1.11656344036 -0.823745191789
1.29 0.292928473991 1.11940600478 -0.826477530788
1.3 0.292997485718 1.12216825582 -0.829170770107
1.31 0.293025645053 1.12485103192 -0.831825386869
1.32 0.293013315149 1.12745516978 -0.834441854629
1.33 0.292960860796 1.12998150413 -0.837020643335
1.34 0.292868648213 1.13243086749 -0.839562219279
1.35 0.292737044847 1.13480408991 -0.842067045062
1.36 0.292566419183 1.13710199874 -0.844535579554
1.37 0.292357140557 1.13932541842 -0.846968277863
1.38 0.29210957898 1.14147517028 -0.849365591304
1.39 0.291824104963 1.14355207233 -0.851727967368
1.4 0.291501089358 1.14555693906 -0.854055849699
1.41 0.291140903191 1.14749058126 -0.856349678071
1.42 0.290743917516 1.14935380588 -0.858609888366
1.43 0.290310503269 1.15114741582 -0.860836912555
1.44 0.28984103112 1.1528722098 -0.863031178685
1.45 0.289335871347 1.15452898221 -0.865193110862
1.46 0.2887953937 1.15611852294 -0.867323129241
1.47 0.288219967279 1.1576416173 -0.869421650016
1.48 0.287609960415 1.15909904583 -0.871489085412
1.49 0.286965740555 1.16049158423 -0.873525843676
1.5 0.286287674152 1.16182000323 -0.87553232908
1.51 0.285576126564 1.16308506848 -0.877508941911
1.52 0.284831461947 1.16428754042 -0.879456078475
1.53 0.284054043166 1.16542817426 -0.881374131093
1.54 0.283244231699 1.16650771981 -0.883263488111
1.55 0.282402387552 1.16752692145 -0.885124533896
1.56 0.281528869175 1.16848651802 -0.886957648846
1.57 0.280624033381 1.16938724277 -0.888763209392
1.58 0.279688235272 1.17022982328 -0.890541588012
1.59 0.278721828167 1.1710149814 -0.892293153236
1.6 0.277725163532 1.17174343319 -0.894018269656
1.61 0.276698590916 1.17241588886 -0.89571729794
1.62 0.275642457888 1.17303305273 -0.897390594841
1.63 0.27455710998 1.17359562319 -0.899038513214
1.64 0.27344289063 1.17410429266 -0.900661402029
1.65 0.27230014113 1.17455974752 -0.902259606387
1.66 0.271129200575 1.17496266811 -0.903833467534
1.67 0.269930405819 1.1753137287 -0.905383322883
1.68 0.268704091429 1.17561359746 -0.906909506028
1.69 0.267450589644 1.17586293641 -0.908412346764
1.7 0.266170230333 1.17606240144 -0.909892171107
1.71 0.264863340965 1.17621264228 -0.911349301315
1.72 0.263530246568 1.17631430248 -0.912784055908
1.73 0.262171269703 1.17636801939 -0.91419674969
1.74 0.260786730429 1.1763744242 -0.91558769377
1.75 0.25937694628 1.17633414187 -0.916957195589
1.76 0.257942232236 1.17624779117 -0.918305558937
1.77 0.256482900703 1.17611598469 -0.919633083982
1.78 0.254999261489 1.17593932878 -0.920940067295
1.79 0.253491621783 1.17571842365 -0.922226801868
1.8 0.251960286144 1.17545386329 -0.923493577148
1.81 0.250405556476 1.17514623553 -0.924740679056
1.82 0.248827732019 1.17479612204 -0.925968390017
1.83 0.247227109336 1.17440409832 -0.927176988984
1.84 0.245603982299 1.17397073377 -0.928366751468
1.85 0.243958642082 1.17349659164 -0.92953794956
1.86 0.242291377151 1.17298222911 -0.930690851961
1.87 0.240602473259 1.17242819727 -0.931825724013
1.88 0.238892213436 1.17183504116 -0.93294282772
1.89 0.23716087799 1.17120329977 -0.934042421781
1.9 0.235408744501 1.17053350612 -0.935124761617
1.91 0.23363608782 1.16982618722 -0.936190099398
1.92 0.231843180067 1.16908186414 -0.937238684072
1.93 0.230030290634 1.16830105203 -0.938270761397
1.94 0.228197686183 1.16748426015 -0.939286573966
1.95 0.226345630651 1.16663199189 -0.940286361235
1.96 0.224474385252 1.16574474481 -0.941270359557
1.97 0.222584208482 1.16482301069 -0.942238802206
1.98 0.220675356125 1.16386727554 -0.943191919411
1.99 0.218748081256 1.16287801964 -0.94412993838
2.0 0.216802634253 1.16185571759 -0.945053083334
2.01 0.214839262799 1.16080083833 -0.945961575532
2.02 0.212858211894 1.1597138452 -0.946855633305
2.03 0.210859723865 1.15859519595 -0.947735472081
2.04 0.208844038372 1.15744534279 -0.948601304416
2.05 0.206811392423 1.15626473245 -0.949453340025
2.06 0.20476202038 1.15505380619 -0.950291785808
2.07 0.202696153977 1.15381299986 -0.951116845881
2.08 0.200614022326 1.15254274393 -0.951928721606
2.09 0.198515851934 1.15124346355 -0.952727611619
2.1 0.196401866716 1.14991557857 -0.953513711857
2.11 0.194272288007 1.1485595036 -0.95428721559
2.12 0.192127334578 1.14717564803 -0.955048313449
2.13 0.18996722265 1.14576441611 -0.955797193456
2.14 0.187792165909 1.14432620696 -0.956534041048
2.15 0.185602375522 1.14286141463 -0.957259039112
2.16 0.183398060155 1.14137042816 -0.957972368006
2.17 0.181179425983 1.13985363158 -0.958674205595
2.18 0.178946676715 1.13831140399 -0.959364727274
2.19 0.176700013606 1.1367441196 -0.960044105999
2.2 0.174439635474 1.13515214778 -0.96071251231
2.21 0.172165738719 1.13353585309 -0.961370114366
2.22 0.169878517342 1.13189559531 -0.962017077966
2.23 0.16757816296 1.13023172954 -0.962653566581
2.24 0.165264864827 1.12854460621 -0.963279741379
2.25 0.16293880985 1.1268345711 -0.963895761251
2.26 0.160600182611 1.12510196545 -0.964501782841
2.27 0.158249165384 1.12334712595 -0.96509796057
2.28 0.155885938151 1.12157038482 -0.965684446666
2.29 0.153510678628 1.11977206981 -0.966261391185
2.3 0.151123562277 1.11795250432 -0.966828942043
2.31 0.148724762332 1.11611200737 -0.967387245037
2.32 0.146314449814 1.11425089369 -0.967936443877
2.33 0.143892793551 1.11236947375 -0.968476680202
2.34 0.141459960202 1.11046805382 -0.969008093617
2.35 0.139016114272 1.10854693598 -0.969530821709
2.36 0.136561418132 1.10660641821 -0.970045000077
2.37 0.134096032043 1.1046467944 -0.970550762355
2.38 0.131620114173 1.10266835441 -0.971048240236
2.39 0.129133820616 1.10067138412 -0.9715375635
2.4 0.126637305417 1.09865616545 -0.972018860033
2.41 0.124130720585 1.09662297644 -0.972492255856
2.42 0.121614216119 1.09457209126 -0.972957875144
2.43 0.119087940026 1.09250378028 -0.973415840253
2.44 0.116552038339 1.09041831008 -0.973866271745
2.45 0.114006655141 1.08831594355 -0.974309288405
2.46 0.111451932583 1.08619693985 -0.97474500727
2.47 0.108888010902 1.08406155455 -0.975173543648
2.48 0.106315028446 1.08191003959 -0.975595011143
2.49 0.10373312169 1.07974264336 -0.976009521674
2.5 0.101142425255 1.07755961076 -0.976417185503
2.51 0.0985430719321 1.07536118318 -0.97681811125
2.52 0.095935192699 1.07314759862 -0.97721240592
2.53 0.0933189167408 1.07091909166 -0.977600174919
2.54 0.0906943714694 1.06867589355 -0.977981522084
2.55 0.088061682543 1.06641823224 -0.978356549692
2.56 0.0854209738859 1.06414633238 -0.978725358494
2.57 0.0827723677078 1.06186041543 -0.979088047723
2.58 0.0801159845229 1.05956069965 -0.979444715125
2.59 0.0774519431694 1.05724740014 -0.979795456972
2.6 0.0747803608283 1.05492072891 -0.980140368085
2.61 0.0721013530429 1.0525808949 -0.980479541854
2.62 0.0694150337373 1.05022810399 -0.980813070254
2.63 0.0667215152353 1.04786255911 -0.981141043871
2.64 0.0640209082793 1.04548446019 -0.981463551915
2.65 0.0613133220488 1.04309400429 -0.98178068224
2.66 0.0585988641785 1.04069138554 -0.982092521366
2.67 0.0558776407775 1.03827679527 -0.982399154493
2.68 0.0531497564466 1.03585042197 -0.982700665524
2.69 0.050415314297 1.03341245138 -0.982997137078
2.7 0.0476744159682 1.03096306648 -0.983288650512
2.71 0.0449271616457 1.02850244758 -0.983575285937
2.72 0.0421736500787 1.02603077231 -0.983857122233
2.73 0.0394139785981 1.02354821567 -0.984134237072
2.74 0.0366482431333 1.02105495006 -0.98440670693
2.75 0.0338765382302 1.01855114534 -0.984674607106
2.76 0.0310989570679 1.01603696881 -0.984938011738
2.77 0.028315591476 1.0135125853 -0.98519699382
2.78 0.0255265319514 1.01097815717 -0.985451625217
2.79 0.0227318676752 1.00843384436 -0.985701976684
2.8 0.019931686529 1.00587980441 -0.985948117877
2.81 0.0171260751121 1.00331619249 -0.986190117375
2.82 0.0143151187568 1.00074316145 -0.986428042688
2.83 0.0114989015456 0.998160861825 -0.98666196028
2.84 0.0086775063266 0.995569441904 -0.986891935577
2.85 0.0058510147298 0.992969047719 -0.987118032989
2.86 0.00301950718258 0.9903598231 -0.987340315917
2.87 0.000183062925466 0.9877419097 -0.987558846775
2.88 -0.00265823997244 0.985115447026 -0.987773686998
2.89 -0.00550432459813 0.982480572464 -0.987984897062
2.9 -0.00835511517952 0.979837421314 -0.988192536493
2.91 -0.0112105370704 0.977186126813 -0.988396663884
2.92 -0.0140705167356 0.974526820171 -0.988597336907
2.93 -0.0169349817363 0.971859630591 -0.988794612327
2.94 -0.0198038607152 0.969184685301 -0.988988546016
2.95 -0.0226770833825 0.966502109583 -0.989179192966
2.96 -0.0255545805011 0.963812026798 -0.989366607299
2.97 -0.0284362838731 0.961114558412 -0.989550842285
2.98 -0.0313221263251 0.958409824026 -0.989731950351
2.99 -0.0342120416949 0.955697941399 -0.989909983094
3.0 -0.0371059648175 0.952979026476 -0.990084991293
3.01 -0.0400038315117 0.950253193412 -0.990257024924
3.02 -0.0429055785667 0.947520554601 -0.990426133167
3.03 -0.0458111437286 0.944781220695 -0.990592364423
3.04 -0.0487204656876 0.942035300635 -0.990755766322
3.05 -0.0516334840649 0.939282901671 -0.990916385736
3.06 -0.0545501393996 0.93652412939 -0.99107426879
3.07 -0.0574703731366 0.933759087737 -0.991229460874
3.08 -0.0603941276136 0.930987879038 -0.991382006651
3.09 -0.0633213460486 0.928210604026 -0.991531950075
3.1 -0.0662519725282 0.925427361863 -0.991679334391
3.11 -0.0691859519949 0.922638250162 -0.991824202157
3.12 -0.0721232302355 0.91984336501 -0.991966595246
3.13 -0.0750637538689 0.917042800991 -0.99210655486
3.14 -0.0780074703348 0.914236651205 -0.99224412154
3.15 -0.080954327882 0.911425007293 -0.992379335175
3.16 -0.0839042755566 0.908607959457 -0.992512235014
3.17 -0.0868572631912 0.905785596481 -0.992642859672
3.18 -0.0898132413936 0.902958005751 -0.992771247144
3.19 -0.0927721615357 0.900125273276 -0.992897434812
3.2 -0.0957339757424 0.89728748371 -0.993021459453
3.21 -0.0986986368814 0.89444472037 -0.993143357252
3.22 -0.101666098552 0.891597065256 -0.993263163808
3.23 -0.104636315075 0.88874459907 -0.993380914145
3.24 -0.107609241482 0.885887401238 -0.99349664272
3.25 -0.110584833505 0.883025549925 -0.99361038343
3.26 -0.113563047567 0.880159122057 -0.993722169624
3.27 -0.116543840772 0.877288193337 -0.993832034109
3.28 -0.119527170894 0.874412838265 -0.99394000916
3.29 -0.122512996369 0.871533130156 -0.994046126525
3.3 -0.125501276282 0.868649141156 -0.994150417439
3.31 -0.128491970363 0.865760942261 -0.994252912624
3.32 -0.131485038973 0.862868603334 -0.994353642307
3.33 -0.134480443095 0.859972193121 -0.994452636216
3.34 -0.137478144328 0.857071779271 -0.994549923599
3.35 -0.140478104875 0.854167428348 -0.994645533223
3.36 -0.143480287537 0.85125920585 -0.994739493387
3.37 -0.146484655699 0.848347176226 -0.994831831926
3.38 -0.149491173328 0.84543140289 -0.994922576218
3.39 -0.152499804959 0.842511948237 -0.995011753196
3.4 -0.15551051569 0.83958887366 -0.995099389349
3.41 -0.158523271171 0.836662239562 -0.995185510733
3.42 -0.161538037599 0.833732105375 -0.995270142974
3.43 -0.164554781706 0.830798529572 -0.995353311278
3.44 -0.167573470755 0.827861569685 -0.995435040439
3.45 -0.170594072528 0.824921282313 -0.995515354841
3.46 -0.173616555321 0.821977723144 -0.995594278465
3.47 -0.176640887937 0.819030946964 -0.995671834901
3.48 -0.179667039675 0.816081007671 -0.995748047346
3.49 -0.182694980326 0.813127958292 -0.995822938618
3.5 -0.185724680163 0.810171850992 -0.995896531155
3.51 -0.188756109935 0.807212737092 -0.995968847027
3.52 -0.191789240861 0.804250667077 -0.996039907939
3.53 -0.19482404462 0.801285690614 -0.996109735234
3.54 -0.197860493346 0.798317856561 -0.996178349906
3.55 -0.20089855962 0.795347212979 -0.996245772599
3.56 -0.203938216466 0.792373807149 -0.996312023615
3.57 -0.206979437339 0.78939768558 -0.996377122919
3.58 -0.210022196125 0.786418894021 -0.996441090146
3.59 -0.213066467129 0.783437477476 -0.996503944605
3.6 -0.21611222507 0.780453480212 -0.996565705281
3.61 -0.219159445076 0.777466945773 -0.996626390849
3.62 -0.222208102678 0.77447791699 -0.996686019668
3.63 -0.225258173801 0.771486435994 -0.996744609795
3.64 -0.228309634761 0.768492544223 -0.996802178984
3.65 -0.231362462257 0.765496282438 -0.996858744695
3.66 -0.234416633367 0.762497690728 -0.996914324096
3.67 -0.23747212554 0.759496808528 -0.996968934067
3.68 -0.24052891659 0.756493674619 -0.997022591209
3.69 -0.243586984694 0.75348832715 -0.997075311845
3.7 -0.246646308384 0.750480803639 -0.997127112023
3.71 -0.249706866538 0.747471140986 -0.997178007525
3.72 -0.252768638383 0.744459375484 -0.997228013868
3.73 -0.255831603481 0.741445542827 -0.997277146309
3.74 -0.25889574173 0.73842967812 -0.99732541985
3.75 -0.261961033353 0.735411815888 -0.997372849242
3.76 -0.2650274589 0.732391990086 -0.997419448987
3.77 -0.268094999237 0.729370234107 -0.997465233344
3.78 -0.271163635543 0.726346580791 -0.997510216334
3.79 -0.274233349306 0.723321062435 -0.997554411742
3.8 -0.277304122318 0.720293710802 -0.997597833119
3.81 -0.280375936667 0.717264557125 -0.997640493792
3.82 -0.283448774738 0.714233632123 -0.997682406861
3.83 -0.286522619203 0.711200966003 -0.997723585206
3.84 -0.289597453021 0.708166588468 -0.99776404149
3.85 -0.292673259431 0.705130528732 -0.997803788163
3.86 -0.295750021945 0.70209281552 -0.997842837465
3.87 -0.29882772435 0.69905347708 -0.997881201429
3.88 -0.301906350698 0.696012541188 -0.997918891886
3.89 -0.304985885306 0.69297003516 -0.997955920466
3.9 -0.308066312748 0.689925985855 -0.997992298603
3.91 -0.311147617854 0.686880419684 -0.998028037537
3.92 -0.314229785704 0.683833362616 -0.99806314832
3.93 -0.317312801624 0.68078484019 -0.998097641814
3.94 -0.320396651186 0.677734877513 -0.998131528699
3.95 -0.323481320198 0.674683499277 -0.998164819475
3.96 -0.326566794703 0.671630729758 -0.998197524461
3.97 -0.329653060976 0.668576592827 -0.998229653803
3.98 -0.332740105522 0.665521111953 -0.998261217475
3.99 -0.335827915066 0.662464310215 -0.998292225282
4.0 -0.338916476557 0.659406210303 -0.99832268686
4.01 -0.342005777159 0.656346834527 -0.998352611686
4.02 -0.34509580425 0.65328620482 -0.99838200907
4.03 -0.348186545418 0.650224342751 -0.998410888169
4.04 -0.351277988458 0.647161269524 -0.998439257981
4.05 -0.354370121368 0.644097005985 -0.998467127353
4.06 -0.357462932346 0.641031572632 -0.998494504978
4.07 -0.360556409787 0.637964989618 -0.998521399405
4.08 -0.363650542281 0.634897276753 -0.998547819034
4.09 -0.366745318607 0.631828453518 -0.998573772125
4.1 -0.369840727731 0.628758539062 -0.998599266793
4.11 -0.372936758805 0.625687552213 -0.998624311018
4.12 -0.376033401163 0.62261551148 -0.998648912643
4.13 -0.379130644315 0.61954243506 -0.998673079375
4.14 -0.38222847795 0.616468340842 -0.998696818792
4.15 -0.385326891926 0.613393246414 -0.99872013834
4.16 -0.388425876275 0.610317169066 -0.998743045341
4.17 -0.391525421193 0.607240125794 -0.998765546987
4.18 -0.394625517043 0.604162133308 -0.998787650351
4.19 -0.397726154349 0.601083208035 -0.998809362383
4.2 -0.400827323793 0.598003366121 -0.998830689914
4.21 -0.403929016216 0.594922623443 -0.998851639659
4.22 -0.407031222611 0.591840995605 -0.998872218216
4.23 -0.410133934124 0.588758497946 -0.99889243207
4.24 -0.41323714205 0.585675145547 -0.998912287598
4.25 -0.416340837831 0.582590953232 -0.998931791063
4.26 -0.419445013051 0.579505935572 -0.998950948623
4.27 -0.422549659438 0.576420106891 -0.998969766329
4.28 -0.425654768861 0.573333481269 -0.99898825013
4.29 -0.428760333322 0.570246072547 -0.99900640587
4.3 -0.431866344963 0.567157894331 -0.999024239294
4.31 -0.434972796055 0.564068959992 -0.999041756048
4.32 -0.438079679002 0.560979282678 -0.99905896168
4.33 -0.441186986336 0.557888875308 -0.999075861644
4.34 -0.444294710715 0.554797750584 -0.999092461299
4.35 -0.447402844921 0.551705920991 -0.999108765911
4.36 -0.450511381859 0.548613398798 -0.999124780657
4.37 -0.453620314555 0.545520196067 -0.999140510622
4.38 -0.456729636152 0.542426324654 -0.999155960806
4.39 -0.459839339909 0.539331796212 -0.999171136121
4.4 -0.462949419202 0.536236622192 -0.999186041394
4.41 -0.466059867517 0.533140813854 -0.999200681371
4.42 -0.469170678452 0.530044382261 -0.999215060713
4.43 -0.472281845712 0.526947338289 -0.999229184002
4.44 -0.475393363112 0.523849692627 -0.999243055739
4.45 -0.47850522457 0.52075145578 -0.999256680351
4.46 -0.481617424109 0.517652638074 -0.999270062183
4.47 -0.484729955853 0.514553249658 -0.99928320551
4.48 -0.487842814025 0.511453300505 -0.99929611453
4.49 -0.490955992949 0.508352800418 -0.999308793367
4.5 -0.494069487045 0.505251759033 -0.999321246078
4.51 -0.497183290826 0.502150185818 -0.999333476644
4.52 -0.500297398903 0.49904809008 -0.999345488983
4.53 -0.503411805974 0.495945480965 -0.999357286939
4.54 -0.506526506832 0.492842367462 -0.999368874295
4.55 -0.509641496357 0.489738758406 -0.999380254763
4.56 -0.512756769516 0.486634662478 -0.999391431994
4.57 -0.515872321363 0.483530088212 -0.999402409575
4.58 -0.518988147037 0.480425043992 -0.999413191029
4.59 -0.522104241759 0.477319538061 -0.99942377982
4.6 -0.525220600834 0.474213578516 -0.99943417935
4.61 -0.528337219644 0.471107173318 -0.999444392962
4.62 -0.531454093655 0.468000330288 -0.999454423943
4.63 -0.534571218406 0.464893057113 -0.999464275519
4.64 -0.537688589516 0.461785361348 -0.999473950864
4.65 -0.540806202677 0.458677250415 -0.999483453092
4.66 -0.543924053656 0.455568731611 -0.999492785267
4.67 -0.547042138293 0.452459812105 -0.999501950397
4.68 -0.550160452498 0.449350498941 -0.999510951439
4.69 -0.553278992254 0.446240799044 -0.999519791298
4.7 -0.556397753611 0.443130719216 -0.999528472826
4.71 -0.559516732687 0.440020266143 -0.99953699883
4.72 -0.562635925668 0.436909446395 -0.999545372063
4.73 -0.565755328805 0.433798266429 -0.999553595233
4.74 -0.568874938413 0.430686732588 -0.999561671001
4.75 -0.571994750872 0.427574851107 -0.999569601978
4.76 -0.575114762623 0.424462628111 -0.999577390733
4.77 -0.578234970169 0.42135006962 -0.999585039789
4.78 -0.581355370074 0.41823718155 -0.999592551624
4.79 -0.58447595896 0.415123969713 -0.999599928673
4.8 -0.587596733509 0.41201043982 -0.999607173328
4.81 -0.590717690458 0.408896597484 -0.999614287941
4.82 -0.593838826602 0.405782448219 -0.999621274821
4.83 -0.596960138792 0.402667997445 -0.999628136237
4.84 -0.600081623933 0.399553250485 -0.999634874418
4.85 -0.603203278981 0.396438212573 -0.999641491554
4.86 -0.606325100949 0.393322888848 -0.999647989797
4.87 -0.609447086898 0.390207284362 -0.99965437126
4.88 -0.612569233943 0.387091404079 -0.999660638022
4.89 -0.615691539246 0.383975252875 -0.999666792121
4.9 -0.618814000021 0.380858835543 -0.999672835563
4.91 -0.621936613528 0.37774215679 -0.999678770317
4.92 -0.625059377075 0.374625221243 -0.999684598318
4.93 -0.628182288019 0.371508033447 -0.999690321466
4.94 -0.631305343761 0.368390597869 -0.999695941629
4.95 -0.634428541745 0.365272918897 -0.999701460642
4.96 -0.637551879464 0.362155000842 -0.999706880306
4.97 -0.640675354451 0.35903684794 -0.999712202391
4.98 -0.643798964283 0.355918464355 -0.999717428638
4.99 -0.64692270658 0.352799854175 -0.999722560756
5.0 -0.650046579003 0.349681021419 -0.999727600421
5.01 -0.653170579251 0.346561970034 -0.999732549285
5.02 -0.656294705068 0.343442703898 -0.999737408966
5.03 -0.659418954233 0.340323226823 -0.999742181057
5.04 -0.662543324566 0.337203542553 -0.99974686712
5.05 -0.665667813925 0.334083654766 -0.999751468691
5.06 -0.668792420203 0.330963567076 -0.999755987279
5.07 -0.671917141333 0.327843283034 -0.999760424367
5.08 -0.675041975281 0.324722806128 -0.99976478141
5.09 -0.678166920051 0.321602139786 -0.999769059838
5.1 -0.681291973681 0.318481287375 -0.999773261056
5.11 -0.684417134242 0.315360252203 -0.999777386445
5.12 -0.68754239984 0.31223903752 -0.99978143736
5.13 -0.690667768615 0.309117646519 -0.999785415134
5.14 -0.693793238736 0.305996082337 -0.999789321073
5.15 -0.696918808409 0.302874348056 -0.999793156465
5.16 -0.700044475866 0.299752446704 -0.99979692257
5.17 -0.703170239375 0.296630381255 -0.999800620629
5.18 -0.70629609723 0.293508154631 -0.999804251861
5.19 -0.709422047758 0.290385769703 -0.999807817461
5.2 -0.712548089313 0.287263229292 -0.999811318605
5.21 -0.71567422028 0.284140536168 -0.999814756448
5.22 -0.718800439071 0.281017693054 -0.999818132124
5.23 -0.721926744125 0.277894702622 -0.999821446747
5.24 -0.725053133911 0.274771567501 -0.999824701411
5.25 -0.728179606922 0.27164829027 -0.999827897192
5.26 -0.731306161678 0.268524873465 -0.999831035144
5.27 -0.734432796728 0.265401319577 -0.999834116305
5.28 -0.737559510642 0.262277631052 -0.999837141693
5.29 -0.740686302017 0.259153810293 -0.99984011231
5.3 -0.743813169476 0.256029859662 -0.999843029139
5.31 -0.746940111665 0.252905781478 -0.999845893144
5.32 -0.750067127253 0.24978157802 -0.999848705273
5.33 -0.753194214934 0.246657251525 -0.99985146646
5.34 -0.756321373424 0.243532804193 -0.999854177617
5.35 -0.759448601461 0.240408238184 -0.999856839644
5.36 -0.762575897806 0.237283555618 -0.999859453424
5.37 -0.765703261242 0.234158758581 -0.999862019823
5.38 -0.768830690574 0.23103384912 -0.999864539694
5.39 -0.771958184626 0.227908829246 -0.999867013871
5.4 -0.775085742244 0.224783700934 -0.999869443178
5.41 -0.778213362294 0.221658466126 -0.999871828421
5.42 -0.781341043664 0.218533126728 -0.999874170392
5.43 -0.784468785258 0.215407684612 -0.99987646987
5.44 -0.787596586001 0.212282141618 -0.999878727619
5.45 -0.790724444838 0.209156499552 -0.999880944391
5.46 -0.793852360732 0.20603076019 -0.999883120922
5.47 -0.796980332663 0.202904925276 -0.999885257938
5.48 -0.80010835963 0.19977899652 -0.99988735615
5.49 -0.80323644065 0.196652975607 -0.999889416257
5.5 -0.806364574757 0.193526864188 -0.999891438945
5.51 -0.809492761002 0.190400663885 -0.999893424888
5.52 -0.812620998454 0.187274376295 -0.999895374748
5.53 -0.815749286195 0.184148002982 -0.999897289176
5.54 -0.818877623327 0.181021545484 -0.999899168811
5.55 -0.822006008966 0.177895005313 -0.999901014279
5.56 -0.825134442244 0.174768383952 -0.999902826197
5.57 -0.828262922309 0.17164168286 -0.999904605169
5.58 -0.831391448323 0.168514903468 -0.999906351791
5.59 -0.834520019463 0.165388047183 -0.999908066646
5.6 -0.837648634921 0.162261115385 -0.999909750306
5.61 -0.840777293904 0.159134109432 -0.999911403335
5.62 -0.843905995631 0.156007030656 -0.999913026287
5.63 -0.847034739337 0.152879880366 -0.999914619703
5.64 -0.850163524268 0.149752659849 -0.999916184117
5.65 -0.853292349687 0.146625370366 -0.999917720054
5.66 -0.856421214868 0.143498013159 -0.999919228027
5.67 -0.859550119096 0.140370589445 -0.999920708541
5.68 -0.862679061672 0.137243100421 -0.999922162093
5.69 -0.865808041908 0.134115547262 -0.999923589171
5.7 -0.868937059128 0.130987931123 -0.999924990252
5.71 -0.872066112669 0.127860253138 -0.999926365806
5.72 -0.875195201877 0.124732514419 -0.999927716296
5.73 -0.878324326113 0.121604716061 -0.999929042174
5.74 -0.881453484748 0.118476859138 -0.999930343886
5.75 -0.884582677164 0.115348944704 -0.999931621868
5.76 -0.887711902754 0.112220973797 -0.999932876551
5.77 -0.890841160921 0.109092947434 -0.999934108355
5.78 -0.893970451082 0.105964866614 -0.999935317696
5.79 -0.897099772659 0.102836732319 -0.999936504979
5.8 -0.900229125089 0.0997085455142 -0.999937670603
5.81 -0.903358507817 0.0965803071453 -0.999938814962
5.82 -0.906487920298 0.0934520181428 -0.99993993844
5.83 -0.909617361996 0.0903236794202 -0.999941041416
5.84 -0.912746832386 0.0871952918747 -0.999942124261
5.85 -0.915876330951 0.0840668563874 -0.999943187339
5.86 -0.919005857185 0.0809383738235 -0.999944231009
5.87 -0.92213541059 0.077809845033 -0.999945255623
5.88 -0.925264990675 0.0746812708506 -0.999946261526
5.89 -0.928394596961 0.071552652096 -0.999947249057
5.9 -0.931524228976 0.0684239895743 -0.99994821855
5.91 -0.934653886256 0.0652952840762 -0.999949170332
5.92 -0.937783568346 0.0621665363781 -0.999950104724
5.93 -0.940913274799 0.0590377472428 -0.999951022041
5.94 -0.944043005175 0.0559089174192 -0.999951922594
5.95 -0.947172759044 0.0527800476428 -0.999952806687
5.96 -0.950302535981 0.049651138636 -0.999953674617
5.97 -0.953432335572 0.0465221911082 -0.99995452668
5.98 -0.956562157406 0.0433932057563 -0.999955363162
5.99 -0.959692001083 0.0402641832643 -0.999956184348
6.0 -0.962821866209 0.0371351243043 -0.999956990514
6.01 -0.965951752397 0.0340060295362 -0.999957781933
6.02 -0.969081659266 0.030876899608 -0.999958558874
6.03 -0.972211586443 0.0277477351563 -0.999959321599
6.04 -0.975341533561 0.024618536806 -0.999960070367
6.05 -0.978471500261 0.021489305171 -0.999960805432
6.06 -0.981601486188 0.0183600408541 -0.999961527042
6.07 -0.984731490995 0.0152307444472 -0.999962235442
6.08 -0.987861514341 0.0121014165317 -0.999962930873
6.09 -0.990991555892 0.00897205767859 -0.99996361357
6.1 -0.994121615317 0.0058426684484 -0.999964283765
6.11 -0.997251692294 0.00271324939177 -0.999964941686
6.12 -1.00038178651 -0.000416198950626 -0.999965587555
6.13 -1.00351189764 -0.00354567604782 -0.999966221592
6.14 -1.00664202539 -0.00667518137837 -0.999966844012
6.15 -1.00977216946 -0.00980471443025 -0.999967455027
6.16 -1.01290232955 -0.0129342747006 -0.999968054845
6.17 -1.01603250536 -0.0160638616956 -0.999968643668
6.18 -1.01916269663 -0.0191934749305 -0.999969221699
6.19 -1.02229290306 -0.0223231139289 -0.999969789132
6.2 -1.02542312438 -0.0254527782232 -0.999970346161
6.21 -1.02855336033 -0.0285824673543 -0.999970892976
6.22 -1.03168361063 -0.0317121808713 -0.999971429763
6.23 -1.03481387504 -0.0348419183313 -0.999971956704
6.24 -1.03794415328 -0.0379716792994 -0.999972473979
6.25 -1.04107444511 -0.0411014633488 -0.999972981765
6.26 -1.04420475029 -0.04423127006 -0.999973480233
6.27 -1.04733506858 -0.0473610990213 -0.999973969554
6.28 -1.05046539972 -0.0504909498284 -0.999974449895
6.29 -1.0535957435 -0.0536208220842 -0.99997492142
6.3 -1.05672609969 -0.0567507153988 -0.999975384289
6.31 -1.05985646805 -0.0598806293894 -0.99997583866
6.32 -1.06298684837 -0.0630105636801 -0.999976284689
6.33 -1.06611724043 -0.0661405179016 -0.999976722527
6.34 -1.06924764402 -0.0692704916914 -0.999977152324
6.35 -1.07237805892 -0.0724004846937 -0.999977574227
6.36 -1.07550848494 -0.0755304965587 -0.99997798838
6.37 -1.07863892187 -0.0786605269434 -0.999978394924
6.38 -1.08176936951 -0.0817905755106 -0.999978793999
6.39 -1.08489982767 -0.0849206419295 -0.999979185741
6.4 -1.08803029616 -0.088050725875 -0.999979570283
6.41 -1.09116077479 -0.091180827028 -0.999979947757
6.42 -1.09429126337 -0.0943109450753 -0.999980318293
6.43 -1.09742176173 -0.0974410797091 -0.999980682017
6.44 -1.10055226968 -0.100571230627 -0.999981039054
6.45 -1.10368278706 -0.103701397533 -0.999981389525
6.46 -1.10681331369 -0.106831580136 -0.999981733551
6.47 -1.1099438494 -0.109961778148 -0.99998207125
6.48 -1.11307439403 -0.113091991291 -0.999982402738
6.49 -1.11620494741 -0.116222219287 -0.999982728127
6.5 -1.1193355094 -0.119352461866 -0.999983047529
6.51 -1.12246607982 -0.122482718763 -0.999983361055
6.52 -1.12559665853 -0.125612989715 -0.999983668811
6.53 -1.12872724537 -0.128743274468 -0.999983970904
6.54 -1.1318578402 -0.131873572768 -0.999984267435
6.55 -1.13498844288 -0.135003884369 -0.999984558509
6.56 -1.13811905325 -0.138134209029 -0.999984844223
6.57 -1.14124967119 -0.141264546508 -0.999985124678
6.58 -1.14438029654 -0.144394896574 -0.999985399967
6.59 -1.14751092918 -0.147525258995 -0.999985670188
6.6 -1.15064156898 -0.150655633548 -0.999985935431
6.61 -1.1537722158 -0.153786020009 -0.999986195788
6.62 -1.15690286951 -0.156916418163 -0.99998645135
6.63 -1.16003353 -0.160046827794 -0.999986702203
6.64 -1.16316419713 -0.163177248695 -0.999986948434
6.65 -1.16629487078 -0.166307680658 -0.999987190127
6.66 -1.16942555085 -0.169438123482 -0.999987427366
6.67 -1.1725562372 -0.172568576968 -0.999987660233
6.68 -1.17568692973 -0.175699040921 -0.999987888807
6.69 -1.17881762832 -0.17882951515 -0.999988113167
6.7 -1.18194833286 -0.181959999468 -0.99998833339
6.71 -1.18507904324 -0.18509049369 -0.999988549553
6.72 -1.18820975936 -0.188220997634 -0.99998876173
6.73 -1.19134048112 -0.191351511124 -0.999988969994
6.74 -1.1944712084 -0.194482033983 -0.999989174416
6.75 -1.19760194111 -0.197612566042 -0.999989375067
6.76 -1.20073267915 -0.200743107132 -0.999989572017
6.77 -1.20386342242 -0.203873657087 -0.999989765333
6.78 -1.20699417083 -0.207004215745 -0.999989955081
6.79 -1.21012492428 -0.210134782948 -0.999990141329
6.8 -1.21325568268 -0.213265358538 -0.999990324138
6.81 -1.21638644594 -0.216395942362 -0.999990503574
6.82 -1.21951721397 -0.21952653427 -0.999990679697
6.83 -1.22264798668 -0.222657134113 -0.999990852569
6.84 -1.225778764 -0.225787741747 -0.999991022249
6.85 -1.22890954582 -0.228918357028 -0.999991188796
6.86 -1.23204033208 -0.232048979816 -0.999991352267
6.87 -1.23517112269 -0.235179609974 -0.99999151272
6.88 -1.23830191757 -0.238310247367 -0.999991670208
6.89 -1.24143271665 -0.241440891862 -0.999991824788
6.9 -1.24456351984 -0.244571543329 -0.999991976511
6.91 -1.24769432707 -0.247702201641 -0.999992125432
6.92 -1.25082513827 -0.250832866671 -0.999992271601
6.93 -1.25395595337 -0.253963538298 -0.999992415068
6.94 -1.25708677228 -0.257094216399 -0.999992555885
6.95 -1.26021759495 -0.260224900856 -0.999992694098
6.96 -1.26334842131 -0.263355591553 -0.999992829757
6.97 -1.26647925128 -0.266486288375 -0.999992962908
6.98 -1.26961008481 -0.26961699121 -0.999993093597
6.99 -1.27274092182 -0.272747699947 -0.99999322187
7.0 -1.27587176225 -0.275878414479 -0.99999334777
7.01 -1.27900260604 -0.279009134698 -0.999993471343
7.02 -1.28213345313 -0.282139860501 -0.999993592629
7.03 -1.28526430346 -0.285270591785 -0.999993711673
7.04 -1.28839515696 -0.288401328449 -0.999993828514
7.05 -1.29152601359 -0.291532070395 -0.999993943194
7.06 -1.29465687328 -0.294662817526 -0.999994055751
7.07 -1.29778773597 -0.297793569746 -0.999994166227
7.08 -1.30091860162 -0.300924326962 -0.999994274657
7.09 -1.30404947016 -0.304055089083 -0.999994381081
7.1 -1.30718034155 -0.307185856017 -0.999994485535
7.11 -1.31031121573 -0.310316627678 -0.999994588056
7.12 -1.31344209266 -0.313447403977 -0.999994688678
7.13 -1.31657297227 -0.31657818483 -0.999994787438
7.14 -1.31970385452 -0.319708970153 -0.999994884369
7.15 -1.32283473937 -0.322839759864 -0.999994979505
7.16 -1.32596562676 -0.325970553882 -0.99999507288
7.17 -1.32909651665 -0.329101352128 -0.999995164525
7.18 -1.332227409 -0.332232154525 -0.999995254472
7.19 -1.33535830375 -0.335362960995 -0.999995342753
7.2 -1.33848920086 -0.338493771465 -0.999995429399
7.21 -1.3416201003 -0.34162458586 -0.999995514439
7.22 -1.34475100201 -0.344755404109 -0.999995597904
7.23 -1.34788190596 -0.34788622614 -0.999995679822
7.24 -1.35101281211 -0.351017051883 -0.999995760222
7.25 -1.3541437204 -0.354147881272 -0.999995839132
7.26 -1.35727463082 -0.357278714238 -0.999995916579
7.27 -1.36040554331 -0.360409550715 -0.99999599259
7.28 -1.36353645783 -0.36354039064 -0.999996067193
7.29 -1.36666737436 -0.366671233948 -0.999996140412
7.3 -1.36979829285 -0.369802080578 -0.999996212273
7.31 -1.37292921327 -0.372932930468 -0.999996282802
7.32 -1.37606013558 -0.376063783557 -0.999996352023
7.33 -1.37919105975 -0.379194639789 -0.99999641996
7.34 -1.38232198574 -0.382325499103 -0.999996486637
7.35 -1.38545291352 -0.385456361444 -0.999996552077
7.36 -1.38858384306 -0.388587226756 -0.999996616303
7.37 -1.39171477432 -0.391718094984 -0.999996679337
7.38 -1.39484570728 -0.394848966074 -0.999996741202
7.39 -1.39797664189 -0.397979839974 -0.999996801919
7.4 -1.40110757814 -0.401110716632 -0.999996861509
7.41 -1.40423851599 -0.404241595997 -0.999996919993
7.42 -1.40736945541 -0.407372478018 -0.999996977391
7.43 -1.41050039637 -0.410503362649 -0.999997033724
7.44 -1.41363133885 -0.413634249839 -0.999997089011
7.45 -1.41676228281 -0.416765139542 -0.999997143272
7.46 -1.41989322824 -0.419896031711 -0.999997196525
7.47 -1.42302417509 -0.423026926302 -0.999997248789
7.48 -1.42615512335 -0.426157823269 -0.999997300083
7.49 -1.42928607299 -0.429288722568 -0.999997350424
7.5 -1.43241702399 -0.432419624157 -0.99999739983
7.51 -1.43554797631 -0.435550527993 -0.999997448319
7.52 -1.43867892994 -0.438681434036 -0.999997495906
7.53 -1.44180988485 -0.441812342243 -0.99999754261
7.54 -1.44494084102 -0.444943252575 -0.999997588445
7.55 -1.44807179842 -0.448074164994 -0.99999763343
7.56 -1.45120275704 -0.451205079459 -0.999997677578
7.57 -1.45433371684 -0.454335995935 -0.999997720905
7.58 -1.45746467781 -0.457466914383 -0.999997763428
7.59 -1.46059563993 -0.460597834767 -0.99999780516
7.6 -1.46372660317 -0.463728757052 -0.999997846116
7.61 -1.46685756751 -0.466859681201 -0.999997886311
7.62 -1.46998853294 -0.469990607182 -0.999997925758
7.63 -1.47311949943 -0.473121534959 -0.999997964472
7.64 -1.47625046697 -0.476252464501 -0.999998002467
7.65 -1.47938143553 -0.479383395774 -0.999998039754
7.66 -1.48251240509 -0.482514328745 -0.999998076348
7.67 -1.48564337565 -0.485645263385 -0.999998112262
7.68 -1.48877434717 -0.488776199662 -0.999998147507
7.69 -1.49190531964 -0.491907137545 -0.999998182097
7.7 -1.49503629305 -0.495038077006 -0.999998216044
7.71 -1.49816726737 -0.498169018015 -0.999998249358
7.72 -1.5012982426 -0.501299960542 -0.999998282053
7.73 -1.5044292187 -0.504430904561 -0.99999831414
7.74 -1.50756019567 -0.507561850044 -0.999998345629
7.75 -1.5106911735 -0.510692796963 -0.999998376533
7.76 -1.51382215215 -0.513823745293 -0.999998406861
7.77 -1.51695313163 -0.516954695006 -0.999998436624
7.78 -1.52008411191 -0.520085646077 -0.999998465834
7.79 -1.52321509298 -0.523216598482 -0.9999984945
7.8 -1.52634607483 -0.526347552195 -0.999998522632
7.81 -1.52947705743 -0.529478507193 -0.99999855024
7.82 -1.53260804079 -0.532609463451 -0.999998577334
7.83 -1.53573902487 -0.535740420946 -0.999998603924
7.84 -1.53887000967 -0.538871379656 -0.999998630018
7.85 -1.54200099518 -0.542002339558 -0.999998655627
7.86 -1.54513198139 -0.545133300629 -0.999998680758
7.87 -1.54826296827 -0.548264262848 -0.999998705421
7.88 -1.55139395582 -0.551395226195 -0.999998729625
7.89 -1.55452494403 -0.554526190647 -0.999998753378
7.9 -1.55765593287 -0.557657156185 -0.999998776688
7.91 -1.56078692235 -0.560788122788 -0.999998799564
7.92 -1.56391791245 -0.563919090437 -0.999998822014
7.93 -1.56704890316 -0.567050059113 -0.999998844045
7.94 -1.57017989446 -0.570181028795 -0.999998865665
7.95 -1.57331088635 -0.573311999467 -0.999998886883
7.96 -1.57644187881 -0.576442971108 -0.999998907705
7.97 -1.57957287184 -0.579573943702 -0.999998928139
7.98 -1.58270386542 -0.582704917231 -0.999998948192
7.99 -1.58583485955 -0.585835891677 -0.999998967871
8.0 -1.58896585421 -0.588966867024 -0.999998987183
8.01 -1.59209684939 -0.592097843254 -0.999999006135
8.02 -1.59522784509 -0.595228820351 -0.999999024734
8.03 -1.59835884129 -0.5983597983 -0.999999042986
8.04 -1.60148983798 -0.601490777084 -0.999999060897
8.05 -1.60462083516 -0.604621756689 -0.999999078474
8.06 -1.60775183282 -0.607752737097 -0.999999095724
8.07 -1.61088283095 -0.610883718296 -0.999999112651
8.08 -1.61401382953 -0.61401470027 -0.999999129263
8.09 -1.61714482857 -0.617145683005 -0.999999145565
8.1 -1.62027582805 -0.620276666486 -0.999999161562
8.11 -1.62340682796 -0.6234076507 -0.999999177261
8.12 -1.6265378283 -0.626538635634 -0.999999192667
8.13 -1.62966882906 -0.629669621273 -0.999999207786
8.14 -1.63279983023 -0.632800607605 -0.999999222622
8.15 -1.6359308318 -0.635931594617 -0.999999237182
8.16 -1.63906183377 -0.639062582297 -0.999999251469
8.17 -1.64219283612 -0.642193570631 -0.99999926549
8.18 -1.64532383886 -0.645324559608 -0.999999279249
8.19 -1.64845484197 -0.648455549216 -0.999999292752
8.2 -1.65158584544 -0.651586539443 -0.999999306002
8.21 -1.65471684928 -0.654717530278 -0.999999319005
8.22 -1.65784785347 -0.657848521709 -0.999999331764
8.23 -1.66097885801 -0.660979513725 -0.999999344286
8.24 -1.66410986289 -0.664110506316 -0.999999356574
8.25 -1.6672408681 -0.66724149947 -0.999999368632
8.26 -1.67037187364 -0.670372493178 -0.999999380465
8.27 -1.6735028795 -0.673503487428 -0.999999392076
8.28 -1.67663388568 -0.676634482212 -0.999999403471
8.29 -1.67976489217 -0.679765477518 -0.999999414653
8.3 -1.68289589896 -0.682896473338 -0.999999425626
8.31 -1.68602690606 -0.686027469662 -0.999999436394
8.32 -1.68915791344 -0.68915846648 -0.999999446961
8.33 -1.69228892111 -0.692289463783 -0.99999945733
8.34 -1.69541992907 -0.695420461562 -0.999999467506
8.35 -1.6985509373 -0.698551459809 -0.999999477491
8.36 -1.7016819458 -0.701682458514 -0.99999948729
8.37 -1.70481295457 -0.704813457669 -0.999999496905
8.38 -1.70794396361 -0.707944457266 -0.999999506341
8.39 -1.7110749729 -0.711075457297 -0.9999995156
8.4 -1.71420598244 -0.714206457753 -0.999999524686
8.41 -1.71733699223 -0.717337458627 -0.999999533602
8.42 -1.72046800226 -0.72046845991 -0.999999542352
8.43 -1.72359901253 -0.723599461595 -0.999999550938
8.44 -1.72673002304 -0.726730463676 -0.999999559363
8.45 -1.72986103377 -0.729861466143 -0.99999956763
8.46 -1.73299204473 -0.732992468991 -0.999999575744
8.47 -1.73612305592 -0.736123472212 -0.999999583705
8.48 -1.73925406732 -0.739254475798 -0.999999591517
8.49 -1.74238507893 -0.742385479744 -0.999999599183
8.5 -1.74551609075 -0.745516484043 -0.999999606706
8.51 -1.74864710278 -0.748647488688 -0.999999614088
8.52 -1.751778115 -0.751778493672 -0.999999621332
8.53 -1.75490912743 -0.75490949899 -0.99999962844
8.54 -1.75804014005 -0.758040504635 -0.999999635415
8.55 -1.76117115286 -0.7611715106 -0.99999964226
8.56 -1.76430216586 -0.764302516881 -0.999999648976
8.57 -1.76743317904 -0.767433523471 -0.999999655567
8.58 -1.7705641924 -0.770564530364 -0.999999662035
8.59 -1.77369520594 -0.773695537555 -0.999999668381
8.6 -1.77682621965 -0.776826545039 -0.999999674609
8.61 -1.77995723353 -0.779957552809 -0.999999680719
8.62 -1.78308824758 -0.78308856086 -0.999999686716
8.63 -1.78621926179 -0.786219569187 -0.9999996926
8.64 -1.78935027616 -0.789350577786 -0.999999698374
8.65 -1.79248129069 -0.79248158665 -0.99999970404
8.66 -1.79561230538 -0.795612595776 -0.9999997096
8.67 -1.79874332021 -0.798743605158 -0.999999715056
8.68 -1.8018743352 -0.801874614791 -0.999999720409
8.69 -1.80500535033 -0.805005624671 -0.999999725662
8.7 -1.80813636561 -0.808136634792 -0.999999730817
8.71 -1.81126738103 -0.811267645152 -0.999999735875
8.72 -1.81439839658 -0.814398655744 -0.999999740838
8.73 -1.81752941227 -0.817529666566 -0.999999745709
8.74 -1.8206604281 -0.820660677612 -0.999999750488
8.75 -1.82379144406 -0.823791688878 -0.999999755178
8.76 -1.82692246014 -0.82692270036 -0.999999759779
8.77 -1.83005347635 -0.830053712055 -0.999999764295
8.78 -1.83318449268 -0.833184723958 -0.999999768725
8.79 -1.83631550914 -0.836315736066 -0.999999773073
8.8 -1.83944652571 -0.839446748373 -0.999999777339
8.81 -1.8425775424 -0.842577760878 -0.999999781526
8.82 -1.84570855921 -0.845708773576 -0.999999785634
8.83 -1.84883957613 -0.848839786463 -0.999999789664
8.84 -1.85197059316 -0.851970799537 -0.99999979362
8.85 -1.85510161029 -0.855101812793 -0.999999797501
8.86 -1.85823262754 -0.858232826228 -0.999999801309
8.87 -1.86136364488 -0.861363839839 -0.999999805046
8.88 -1.86449466233 -0.864494853622 -0.999999808712
8.89 -1.86762567989 -0.867625867575 -0.99999981231
8.9 -1.87075669753 -0.870756881693 -0.999999815841
8.91 -1.87388771528 -0.873887895975 -0.999999819305
8.92 -1.87701873312 -0.877018910417 -0.999999822704
8.93 -1.88014975106 -0.880149925016 -0.99999982604
8.94 -1.88328076908 -0.883280939769 -0.999999829313
8.95 -1.8864117872 -0.886411954673 -0.999999832524
8.96 -1.8895428054 -0.889542969725 -0.999999835676
8.97 -1.89267382369 -0.892673984923 -0.999999838768
8.98 -1.89580484207 -0.895805000264 -0.999999841802
8.99 -1.89893586052 -0.898936015745 -0.999999844779
9.0 -1.90206687906 -0.902067031363 -0.9999998477
9.01 -1.90519789768 -0.905198047117 -0.999999850567
9.02 -1.90832891638 -0.908329063003 -0.999999853379
9.03 -1.91145993516 -0.911460079019 -0.999999856139
9.04 -1.91459095401 -0.914591095163 -0.999999858847
9.05 -1.91772197294 -0.917722111432 -0.999999861504
9.06 -1.92085299194 -0.920853127823 -0.999999864112
9.07 -1.92398401101 -0.923984144336 -0.99999986667
9.08 -1.92711503015 -0.927115160966 -0.99999986918
9.09 -1.93024604936 -0.930246177713 -0.999999871644
9.1 -1.93337706863 -0.933377194574 -0.999999874061
9.11 -1.93650808798 -0.936508211546 -0.999999876432
9.12 -1.93963910739 -0.939639228628 -0.999999878759
9.13 -1.94277012686 -0.942770245818 -0.999999881042
9.14 -1.9459011464 -0.945901263114 -0.999999883283
9.15 -1.94903216599 -0.949032280513 -0.999999885481
9.16 -1.95216318565 -0.952163298014 -0.999999887638
9.17 -1.95529420537 -0.955294315614 -0.999999889755
9.18 -1.95842522514 -0.958425333313 -0.999999891831
9.19 -1.96155624498 -0.961556351108 -0.999999893869
9.2 -1.96468726487 -0.964687368997 -0.999999895869
9.21 -1.96781828481 -0.967818386979 -0.99999989783
9.22 -1.97094930481 -0.970949405051 -0.999999899755
9.23 -1.97408032486 -0.974080423213 -0.999999901644
9.24 -1.97721134496 -0.977211441462 -0.999999903498
9.25 -1.98034236511 -0.980342459797 -0.999999905316
9.26 -1.98347338532 -0.983473478216 -0.9999999071
9.27 -1.98660440557 -0.986604496718 -0.999999908851
9.28 -1.98973542587 -0.989735515301 -0.999999910569
9.29 -1.99286644622 -0.992866533964 -0.999999912255
9.3 -1.99599746661 -0.995997552705 -0.999999913909
9.31 -1.99912848705 -0.999128571522 -0.999999915531
9.32 -2.00225950754 -1.00225959041 -0.999999917124
9.33 -2.00539052807 -1.00539060938 -0.999999918686
9.34 -2.00852154864 -1.00852162842 -0.999999920219
9.35 -2.01165256925 -1.01165264753 -0.999999921723
9.36 -2.01478358991 -1.01478366671 -0.999999923199
9.37 -2.0179146106 -1.01791468596 -0.999999924647
9.38 -2.02104563134 -1.02104570527 -0.999999926068
9.39 -2.02417665211 -1.02417672465 -0.999999927462
9.4 -2.02730767293 -1.0273077441 -0.99999992883
9.41 -2.03043869378 -1.03043876361 -0.999999930172
9.42 -2.03356971467 -1.03356978318 -0.999999931489
9.43 -2.03670073559 -1.03670080281 -0.999999932781
9.44 -2.03983175655 -1.0398318225 -0.999999934049
9.45 -2.04296277755 -1.04296284225 -0.999999935293
9.46 -2.04609379858 -1.04609386206 -0.999999936514
9.47 -2.04922481964 -1.04922488193 -0.999999937711
9.48 -2.05235584074 -1.05235590185 -0.999999938886
9.49 -2.05548686186 -1.05548692182 -0.999999940039
9.5 -2.05861788302 -1.05861794185 -0.999999941171
9.51 -2.06174890422 -1.06174896194 -0.999999942281
9.52 -2.06487992544 -1.06487998207 -0.99999994337
9.53 -2.06801094669 -1.06801100225 -0.999999944438
9.54 -2.07114196797 -1.07114202249 -0.999999945487
9.55 -2.07427298928 -1.07427304277 -0.999999946516
9.56 -2.07740401062 -1.0774040631 -0.999999947525
9.57 -2.08053503199 -1.08053508347 -0.999999948515
9.58 -2.08366605338 -1.0836661039 -0.999999949487
9.59 -2.0867970748 -1.08679712436 -0.99999995044
9.6 -2.08992809625 -1.08992814488 -0.999999951376
9.61 -2.09305911772 -1.09305916543 -0.999999952294
9.62 -2.09619013922 -1.09619018603 -0.999999953194
9.63 -2.09932116075 -1.09932120667 -0.999999954078
9.64 -2.10245218229 -1.10245222735 -0.999999954945
9.65 -2.10558320387 -1.10558324807 -0.999999955796
9.66 -2.10871422546 -1.10871426883 -0.99999995663
9.67 -2.11184524708 -1.11184528963 -0.999999957449
9.68 -2.11497626872 -1.11497631047 -0.999999958253
9.69 -2.11810729038 -1.11810733134 -0.999999959041
9.7 -2.12123831207 -1.12123835225 -0.999999959814
9.71 -2.12436933378 -1.1243693732 -0.999999960573
9.72 -2.1275003555 -1.12750039419 -0.999999961318
9.73 -2.13063137725 -1.1306314152 -0.999999962048
9.74 -2.13376239902 -1.13376243625 -0.999999962765
9.75 -2.13689342081 -1.13689345734 -0.999999963469
9.76 -2.14002444261 -1.14002447846 -0.999999964159
9.77 -2.14315546444 -1.14315549961 -0.999999964836
9.78 -2.14628648629 -1.14628652079 -0.9999999655
9.79 -2.14941750815 -1.149417542 -0.999999966152
9.8 -2.15254853003 -1.15254856324 -0.999999966791
9.81 -2.15567955193 -1.15567958451 -0.999999967419
9.82 -2.15881057385 -1.15881060581 -0.999999968034
9.83 -2.16194159578 -1.16194162714 -0.999999968638
9.84 -2.16507261773 -1.1650726485 -0.999999969231
9.85 -2.1682036397 -1.16820366989 -0.999999969812
9.86 -2.17133466168 -1.1713346913 -0.999999970383
9.87 -2.17446568368 -1.17446571274 -0.999999970943
9.88 -2.1775967057 -1.1775967342 -0.999999971492
9.89 -2.18072772772 -1.18072775569 -0.999999972031
9.9 -2.18385874977 -1.18385877721 -0.999999972559
9.91 -2.18698977183 -1.18698979875 -0.999999973078
9.92 -2.1901207939 -1.19012082031 -0.999999973587
9.93 -2.19325181599 -1.1932518419 -0.999999974086
9.94 -2.19638283809 -1.19638286351 -0.999999974576
9.95 -2.19951386021 -1.19951388515 -0.999999975057
9.96 -2.20264488233 -1.20264490681 -0.999999975528
9.97 -2.20577590447 -1.20577592848 -0.999999975991
9.98 -2.20890692663 -1.20890695018 -0.999999976445
9.99 -2.2120379488 -1.21203797191 -0.99999997689
10.0 -2.21516897097 -1.21516899365 -0.999999977327
10.01 -2.21829999317 -1.21830001541 -0.999999977756
10.02 -2.22143101537 -1.22143103719 -0.999999978177
10.03 -2.22456203758 -1.22456205899 -0.999999978589
10.04 -2.22769305981 -1.22769308082 -0.999999978994
10.05 -2.23082408205 -1.23082410266 -0.999999979392
10.06 -2.2339551043 -1.23395512451 -0.999999979781
10.07 -2.23708612655 -1.23708614639 -0.999999980164
10.08 -2.24021714882 -1.24021716829 -0.999999980539
10.09 -2.24334817111 -1.2433481902 -0.999999980907
10.1 -2.2464791934 -1.24647921213 -0.999999981268
10.11 -2.2496102157 -1.24961023407 -0.999999981623
10.12 -2.25274123801 -1.25274125604 -0.99999998197
10.13 -2.25587226033 -1.25587227801 -0.999999982312
10.14 -2.25900328266 -1.25900330001 -0.999999982646
10.15 -2.26213430499 -1.26213432202 -0.999999982975
10.16 -2.26526532734 -1.26526534405 -0.999999983297
10.17 -2.2683963497 -1.26839636609 -0.999999983613
10.18 -2.27152737206 -1.27152738814 -0.999999983923
10.19 -2.27465839444 -1.27465841021 -0.999999984227
10.2 -2.27778941682 -1.2777894323 -0.999999984526
10.21 -2.28092043921 -1.28092045439 -0.999999984819
10.22 -2.28405146161 -1.28405147651 -0.999999985106
10.23 -2.28718248402 -1.28718249863 -0.999999985388
10.24 -2.29031350643 -1.29031352077 -0.999999985664
10.25 -2.29344452886 -1.29344454292 -0.999999985936
10.26 -2.29657555129 -1.29657556508 -0.999999986202
10.27 -2.29970657372 -1.29970658726 -0.999999986463
10.28 -2.30283759617 -1.30283760945 -0.999999986719
10.29 -2.30596861862 -1.30596863165 -0.999999986971
10.3 -2.30909964108 -1.30909965386 -0.999999987218
10.31 -2.31223066354 -1.31223067608 -0.99999998746
10.32 -2.31536168602 -1.31536169832 -0.999999987697
10.33 -2.3184927085 -1.31849272057 -0.99999998793
10.34 -2.32162373098 -1.32162374282 -0.999999988159
10.35 -2.32475475347 -1.32475476509 -0.999999988383
10.36 -2.32788577597 -1.32788578737 -0.999999988603
10.37 -2.33101679848 -1.33101680966 -0.999999988819
10.38 -2.33414782099 -1.33414783195 -0.99999998903
10.39 -2.3372788435 -1.33727885426 -0.999999989238
10.4 -2.34040986602 -1.34040987658 -0.999999989442
10.41 -2.34354088855 -1.34354089891 -0.999999989642
10.42 -2.34667191108 -1.34667192125 -0.999999989838
10.43 -2.34980293362 -1.34980294359 -0.999999990031
10.44 -2.35293395617 -1.35293396595 -0.99999999022
10.45 -2.35606497872 -1.35606498831 -0.999999990405
10.46 -2.35919600127 -1.35919601068 -0.999999990587
10.47 -2.36232702383 -1.36232703306 -0.999999990765
10.48 -2.36545804639 -1.36545805545 -0.99999999094
10.49 -2.36858906896 -1.36858907785 -0.999999991112
10.5 -2.37172009154 -1.37172010026 -0.99999999128
10.51 -2.37485111412 -1.37485112267 -0.999999991445
10.52 -2.3779821367 -1.37798214509 -0.999999991607
10.53 -2.38111315929 -1.38111316752 -0.999999991766
10.54 -2.38424418188 -1.38424418996 -0.999999991922
10.55 -2.38737520448 -1.3873752124 -0.999999992076
10.56 -2.39050622708 -1.39050623485 -0.999999992226
10.57 -2.39363724968 -1.39363725731 -0.999999992373
10.58 -2.39676827229 -1.39676827977 -0.999999992518
10.59 -2.3998992949 -1.39989930224 -0.999999992659
10.6 -2.40303031752 -1.40303032472 -0.999999992799
10.61 -2.40616134014 -1.40616134721 -0.999999992935
10.62 -2.40929236277 -1.4092923697 -0.999999993069
10.63 -2.41242338539 -1.41242339219 -0.9999999932
10.64 -2.41555440803 -1.4155544147 -0.999999993329
10.65 -2.41868543066 -1.41868543721 -0.999999993456
10.66 -2.4218164533 -1.42181645972 -0.99999999358
10.67 -2.42494747594 -1.42494748224 -0.999999993702
10.68 -2.42807849859 -1.42807850477 -0.999999993821
10.69 -2.43120952124 -1.4312095273 -0.999999993938
10.7 -2.43434054389 -1.43434054984 -0.999999994053
10.71 -2.43747156655 -1.43747157238 -0.999999994166
10.72 -2.44060258921 -1.44060259493 -0.999999994277
10.73 -2.44373361187 -1.44373361749 -0.999999994385
10.74 -2.44686463454 -1.44686464004 -0.999999994492
10.75 -2.4499956572 -1.44999566261 -0.999999994596
10.76 -2.45312667987 -1.45312668518 -0.999999994699
10.77 -2.45625770255 -1.45625770775 -0.999999994799
10.78 -2.45938872523 -1.45938873033 -0.999999994898
10.79 -2.46251974791 -1.46251975291 -0.999999994995
10.8 -2.46565077059 -1.4656507755 -0.99999999509
10.81 -2.46878179327 -1.46878179809 -0.999999995183
10.82 -2.47191281596 -1.47191282069 -0.999999995274
10.83 -2.47504383865 -1.47504384329 -0.999999995364
10.84 -2.47817486134 -1.47817486589 -0.999999995452
10.85 -2.48130588404 -1.4813058885 -0.999999995538
10.86 -2.48443690673 -1.48443691111 -0.999999995623
10.87 -2.48756792943 -1.48756793373 -0.999999995706
10.88 -2.49069895214 -1.49069895635 -0.999999995787
10.89 -2.49382997484 -1.49382997897 -0.999999995867
10.9 -2.49696099755 -1.4969610016 -0.999999995946
10.91 -2.50009202026 -1.50009202423 -0.999999996023
10.92 -2.50322304297 -1.50322304687 -0.999999996098
10.93 -2.50635406568 -1.50635406951 -0.999999996172
10.94 -2.50948508839 -1.50948509215 -0.999999996245
10.95 -2.51261611111 -1.5126161148 -0.999999996316
10.96 -2.51574713383 -1.51574713745 -0.999999996386
10.97 -2.51887815655 -1.5188781601 -0.999999996455
10.98 -2.52200917928 -1.52200918275 -0.999999996522
10.99 -2.525140202 -1.52514020541 -0.999999996588
11.0 -2.52827122473 -1.52827122807 -0.999999996653
11.01 -2.53140224746 -1.53140225074 -0.999999996716
11.02 -2.53453327019 -1.53453327341 -0.999999996779
11.03 -2.53766429292 -1.53766429608 -0.99999999684
11.04 -2.54079531565 -1.54079531875 -0.9999999969
11.05 -2.54392633839 -1.54392634143 -0.999999996959
11.06 -2.54705736112 -1.54705736411 -0.999999997016
11.07 -2.55018838386 -1.55018838679 -0.999999997073
11.08 -2.5533194066 -1.55331940947 -0.999999997129
11.09 -2.55645042934 -1.55645043216 -0.999999997183
11.1 -2.55958145209 -1.55958145485 -0.999999997237
11.11 -2.56271247483 -1.56271247754 -0.999999997289
11.12 -2.56584349758 -1.56584350024 -0.999999997341
11.13 -2.56897452033 -1.56897452294 -0.999999997391
11.14 -2.57210554308 -1.57210554564 -0.999999997441
11.15 -2.57523656583 -1.57523656834 -0.999999997489
11.16 -2.57836758858 -1.57836759104 -0.999999997537
11.17 -2.58149861133 -1.58149861375 -0.999999997584
11.18 -2.58462963409 -1.58462963646 -0.99999999763
11.19 -2.58776065684 -1.58776065917 -0.999999997675
11.2 -2.5908916796 -1.59089168188 -0.999999997719
11.21 -2.59402270236 -1.59402270459 -0.999999997762
11.22 -2.59715372512 -1.59715372731 -0.999999997805
11.23 -2.60028474788 -1.60028475003 -0.999999997846
11.24 -2.60341577064 -1.60341577275 -0.999999997887
11.25 -2.6065467934 -1.60654679547 -0.999999997927
11.26 -2.60967781617 -1.6096778182 -0.999999997967
11.27 -2.61280883893 -1.61280884093 -0.999999998005
11.28 -2.6159398617 -1.61593986365 -0.999999998043
11.29 -2.61907088447 -1.61907088638 -0.999999998081
11.3 -2.62220190723 -1.62220190912 -0.999999998117
11.31 -2.62533293 -1.62533293185 -0.999999998153
11.32 -2.62846395277 -1.62846395459 -0.999999998188
11.33 -2.63159497555 -1.63159497732 -0.999999998222
11.34 -2.63472599832 -1.63472600006 -0.999999998256
11.35 -2.63785702109 -1.6378570228 -0.999999998289
11.36 -2.64098804387 -1.64098804554 -0.999999998322
11.37 -2.64411906664 -1.64411906829 -0.999999998354
11.38 -2.64725008942 -1.64725009103 -0.999999998385
11.39 -2.65038111219 -1.65038111378 -0.999999998416
11.4 -2.65351213497 -1.65351213653 -0.999999998446
11.41 -2.65664315775 -1.65664315927 -0.999999998475
11.42 -2.65977418053 -1.65977418203 -0.999999998504
11.43 -2.66290520331 -1.66290520478 -0.999999998533
11.44 -2.66603622609 -1.66603622753 -0.999999998561
11.45 -2.66916724887 -1.66916725028 -0.999999998588
11.46 -2.67229827166 -1.67229827304 -0.999999998615
11.47 -2.67542929444 -1.6754292958 -0.999999998641
11.48 -2.67856031722 -1.67856031856 -0.999999998667
11.49 -2.68169134001 -1.68169134132 -0.999999998692
11.5 -2.68482236279 -1.68482236408 -0.999999998717
11.51 -2.68795338558 -1.68795338684 -0.999999998742
11.52 -2.69108440837 -1.6910844096 -0.999999998766
11.53 -2.69421543115 -1.69421543237 -0.999999998789
11.54 -2.69734645394 -1.69734645513 -0.999999998812
11.55 -2.70047747673 -1.7004774779 -0.999999998835
11.56 -2.70360849952 -1.70360850066 -0.999999998857
11.57 -2.70673952231 -1.70673952343 -0.999999998879
11.58 -2.7098705451 -1.7098705462 -0.9999999989
11.59 -2.71300156789 -1.71300156897 -0.999999998921
11.6 -2.71613259069 -1.71613259174 -0.999999998941
11.61 -2.71926361348 -1.71926361452 -0.999999998962
11.62 -2.72239463627 -1.72239463729 -0.999999998981
11.63 -2.72552565907 -1.72552566006 -0.999999999001
11.64 -2.72865668186 -1.72865668284 -0.99999999902
11.65 -2.73178770465 -1.73178770562 -0.999999999038
11.66 -2.73491872745 -1.73491872839 -0.999999999057
11.67 -2.73804975025 -1.73804975117 -0.999999999075
11.68 -2.74118077304 -1.74118077395 -0.999999999092
11.69 -2.74431179584 -1.74431179673 -0.999999999109
11.7 -2.74744281864 -1.74744281951 -0.999999999126
11.71 -2.75057384143 -1.75057384229 -0.999999999143
11.72 -2.75370486423 -1.75370486507 -0.999999999159
11.73 -2.75683588703 -1.75683588786 -0.999999999175
11.74 -2.75996690983 -1.75996691064 -0.999999999191
11.75 -2.76309793263 -1.76309793342 -0.999999999206
11.76 -2.76622895543 -1.76622895621 -0.999999999222
11.77 -2.76935997823 -1.76935997899 -0.999999999236
11.78 -2.77249100103 -1.77249100178 -0.999999999251
11.79 -2.77562202383 -1.77562202457 -0.999999999265
11.8 -2.77875304663 -1.77875304735 -0.999999999279
11.81 -2.78188406944 -1.78188407014 -0.999999999293
11.82 -2.78501509224 -1.78501509293 -0.999999999306
11.83 -2.78814611504 -1.78814611572 -0.99999999932
11.84 -2.79127713784 -1.79127713851 -0.999999999332
11.85 -2.79440816065 -1.7944081613 -0.999999999345
11.86 -2.79753918345 -1.79753918409 -0.999999999358
11.87 -2.80067020626 -1.80067020689 -0.99999999937
11.88 -2.80380122906 -1.80380122968 -0.999999999382
11.89 -2.80693225187 -1.80693225247 -0.999999999394
11.9 -2.81006327467 -1.81006327527 -0.999999999405
11.91 -2.81319429748 -1.81319429806 -0.999999999417
11.92 -2.81632532028 -1.81632532085 -0.999999999428
11.93 -2.81945634309 -1.81945634365 -0.999999999439
11.94 -2.82258736589 -1.82258736645 -0.999999999449
11.95 -2.8257183887 -1.82571838924 -0.99999999946
11.96 -2.82884941151 -1.82884941204 -0.99999999947
11.97 -2.83198043432 -1.83198043484 -0.99999999948
11.98 -2.83511145712 -1.83511145763 -0.99999999949
11.99 -2.83824247993 -1.83824248043 -0.9999999995
12.0 -2.84137350274 -1.84137350323 -0.999999999509
12.01 -2.84450452555 -1.84450452603 -0.999999999519
12.02 -2.84763554836 -1.84763554883 -0.999999999528
12.03 -2.85076657117 -1.85076657163 -0.999999999537
12.04 -2.85389759398 -1.85389759443 -0.999999999546
12.05 -2.85702861679 -1.85702861723 -0.999999999554
12.06 -2.8601596396 -1.86015964003 -0.999999999563
12.07 -2.86329066241 -1.86329066283 -0.999999999571
12.08 -2.86642168522 -1.86642168564 -0.999999999579
12.09 -2.86955270803 -1.86955270844 -0.999999999587
12.1 -2.87268373084 -1.87268373124 -0.999999999595
12.11 -2.87581475365 -1.87581475404 -0.999999999603
12.12 -2.87894577646 -1.87894577685 -0.99999999961
12.13 -2.88207679927 -1.88207679965 -0.999999999618
12.14 -2.88520782208 -1.88520782246 -0.999999999625
12.15 -2.88833884489 -1.88833884526 -0.999999999632
12.16 -2.89146986771 -1.89146986807 -0.999999999639
12.17 -2.89460089052 -1.89460089087 -0.999999999646
12.18 -2.89773191333 -1.89773191368 -0.999999999653
12.19 -2.90086293614 -1.90086293648 -0.999999999659
12.2 -2.90399395896 -1.90399395929 -0.999999999666
12.21 -2.90712498177 -1.9071249821 -0.999999999672
12.22 -2.91025600458 -1.9102560049 -0.999999999679
12.23 -2.91338702739 -1.91338702771 -0.999999999685
12.24 -2.91651805021 -1.91651805052 -0.999999999691
12.25 -2.91964907302 -1.91964907333 -0.999999999697
12.26 -2.92278009584 -1.92278009613 -0.999999999702
12.27 -2.92591111865 -1.92591111894 -0.999999999708
12.28 -2.92904214146 -1.92904214175 -0.999999999714
12.29 -2.93217316428 -1.93217316456 -0.999999999719
12.3 -2.93530418709 -1.93530418737 -0.999999999724
12.31 -2.93843520991 -1.93843521018 -0.99999999973
12.32 -2.94156623272 -1.94156623299 -0.999999999735
12.33 -2.94469725554 -1.9446972558 -0.99999999974
12.34 -2.94782827835 -1.94782827861 -0.999999999745
12.35 -2.95095930117 -1.95095930142 -0.99999999975
12.36 -2.95409032398 -1.95409032423 -0.999999999755
12.37 -2.9572213468 -1.95722134704 -0.999999999759
12.38 -2.96035236961 -1.96035236985 -0.999999999764
12.39 -2.96348339243 -1.96348339266 -0.999999999768
12.4 -2.96661441525 -1.96661441547 -0.999999999773
12.41 -2.96974543806 -1.96974543828 -0.999999999777
12.42 -2.97287646088 -1.9728764611 -0.999999999781
12.43 -2.97600748369 -1.97600748391 -0.999999999785
12.44 -2.97913850651 -1.97913850672 -0.99999999979
12.45 -2.98226952933 -1.98226952953 -0.999999999794
12.46 -2.98540055214 -1.98540055235 -0.999999999797
12.47 -2.98853157496 -1.98853157516 -0.999999999801
12.48 -2.99166259778 -1.99166259797 -0.999999999805
12.49 -2.99479362059 -1.99479362078 -0.999999999809
12.5 -2.99792464341 -1.9979246436 -0.999999999813
12.51 -3.00105566623 -2.00105566641 -0.999999999816
12.52 -3.00418668904 -2.00418668922 -0.99999999982
12.53 -3.00731771186 -2.00731771204 -0.999999999823
12.54 -3.01044873468 -2.01044873485 -0.999999999826
12.55 -3.0135797575 -2.01357975767 -0.99999999983
12.56 -3.01671078031 -2.01671078048 -0.999999999833
12.57 -3.01984180313 -2.0198418033 -0.999999999836
12.58 -3.02297282595 -2.02297282611 -0.999999999839
12.59 -3.02610384877 -2.02610384892 -0.999999999842
12.6 -3.02923487158 -2.02923487174 -0.999999999845
12.61 -3.0323658944 -2.03236589455 -0.999999999848
12.62 -3.03549691722 -2.03549691737 -0.999999999851
12.63 -3.03862794004 -2.03862794019 -0.999999999854
12.64 -3.04175896286 -2.041758963 -0.999999999857
12.65 -3.04488998568 -2.04488998582 -0.99999999986
12.66 -3.04802100849 -2.04802100863 -0.999999999862
12.67 -3.05115203131 -2.05115203145 -0.999999999865
12.68 -3.05428305413 -2.05428305426 -0.999999999867
12.69 -3.05741407695 -2.05741407708 -0.99999999987
12.7 -3.06054509977 -2.0605450999 -0.999999999872
12.71 -3.06367612259 -2.06367612271 -0.999999999875
12.72 -3.06680714541 -2.06680714553 -0.999999999877
12.73 -3.06993816822 -2.06993816835 -0.99999999988
12.74 -3.07306919104 -2.07306919116 -0.999999999882
12.75 -3.07620021386 -2.07620021398 -0.999999999884
12.76 -3.07933123668 -2.0793312368 -0.999999999886
12.77 -3.0824622595 -2.08246225961 -0.999999999889
12.78 -3.08559328232 -2.08559328243 -0.999999999891
12.79 -3.08872430514 -2.08872430525 -0.999999999893
12.8 -3.09185532796 -2.09185532806 -0.999999999895
12.81 -3.09498635078 -2.09498635088 -0.999999999897
12.82 -3.0981173736 -2.0981173737 -0.999999999899
12.83 -3.10124839642 -2.10124839652 -0.999999999901
12.84 -3.10437941924 -2.10437941933 -0.999999999903
12.85 -3.10751044206 -2.10751044215 -0.999999999904
12.86 -3.11064146488 -2.11064146497 -0.999999999906
12.87 -3.1137724877 -2.11377248779 -0.999999999908
12.88 -3.11690351052 -2.11690351061 -0.99999999991
12.89 -3.12003453334 -2.12003453342 -0.999999999912
12.9 -3.12316555616 -2.12316555624 -0.999999999913
12.91 -3.12629657898 -2.12629657906 -0.999999999915
12.92 -3.1294276018 -2.12942760188 -0.999999999917
12.93 -3.13255862462 -2.1325586247 -0.999999999918
12.94 -3.13568964744 -2.13568964752 -0.99999999992
12.95 -3.13882067026 -2.13882067033 -0.999999999921
12.96 -3.14195169308 -2.14195169315 -0.999999999923
12.97 -3.1450827159 -2.14508271597 -0.999999999924
12.98 -3.14821373872 -2.14821373879 -0.999999999926
12.99 -3.15134476154 -2.15134476161 -0.999999999927
13.0 -3.15447578436 -2.15447578443 -0.999999999928
13.01 -3.15760680718 -2.15760680725 -0.99999999993
13.02 -3.16073783 -2.16073783007 -0.999999999931
13.03 -3.16386885282 -2.16386885289 -0.999999999932
13.04 -3.16699987564 -2.1669998757 -0.999999999934
13.05 -3.17013089846 -2.17013089852 -0.999999999935
13.06 -3.17326192128 -2.17326192134 -0.999999999936
13.07 -3.1763929441 -2.17639294416 -0.999999999938
13.08 -3.17952396692 -2.17952396698 -0.999999999939
13.09 -3.18265498974 -2.1826549898 -0.99999999994
13.1 -3.18578601256 -2.18578601262 -0.999999999941
13.11 -3.18891703538 -2.18891703544 -0.999999999942
13.12 -3.1920480582 -2.19204805826 -0.999999999943
13.13 -3.19517908102 -2.19517908108 -0.999999999944
13.14 -3.19831010384 -2.1983101039 -0.999999999945
13.15 -3.20144112667 -2.20144112672 -0.999999999946
13.16 -3.20457214949 -2.20457214954 -0.999999999947
13.17 -3.20770317231 -2.20770317236 -0.999999999948
13.18 -3.21083419513 -2.21083419518 -0.999999999949
13.19 -3.21396521795 -2.213965218 -0.99999999995
13.2 -3.21709624077 -2.21709624082 -0.999999999951
13.21 -3.22022726359 -2.22022726364 -0.999999999952
13.22 -3.22335828641 -2.22335828646 -0.999999999953
13.23 -3.22648930923 -2.22648930928 -0.999999999954
13.24 -3.22962033205 -2.2296203321 -0.999999999955
13.25 -3.23275135488 -2.23275135492 -0.999999999956
13.26 -3.2358823777 -2.23588237774 -0.999999999957
13.27 -3.23901340052 -2.23901340056 -0.999999999958
13.28 -3.24214442334 -2.24214442338 -0.999999999958
13.29 -3.24527544616 -2.2452754462 -0.999999999959
13.3 -3.24840646898 -2.24840646902 -0.99999999996
13.31 -3.2515374918 -2.25153749184 -0.999999999961
13.32 -3.25466851462 -2.25466851466 -0.999999999961
13.33 -3.25779953745 -2.25779953748 -0.999999999962
13.34 -3.26093056027 -2.2609305603 -0.999999999963
13.35 -3.26406158309 -2.26406158312 -0.999999999964
13.36 -3.26719260591 -2.26719260594 -0.999999999964
13.37 -3.27032362873 -2.27032362877 -0.999999999965
13.38 -3.27345465155 -2.27345465159 -0.999999999966
13.39 -3.27658567437 -2.27658567441 -0.999999999966
13.4 -3.27971669719 -2.27971669723 -0.999999999967
13.41 -3.28284772002 -2.28284772005 -0.999999999968
13.42 -3.28597874284 -2.28597874287 -0.999999999968
13.43 -3.28910976566 -2.28910976569 -0.999999999969
13.44 -3.29224078848 -2.29224078851 -0.999999999969
13.45 -3.2953718113 -2.29537181133 -0.99999999997
13.46 -3.29850283412 -2.29850283415 -0.999999999971
13.47 -3.30163385695 -2.30163385697 -0.999999999971
13.48 -3.30476487977 -2.3047648798 -0.999999999972
13.49 -3.30789590259 -2.30789590262 -0.999999999972
13.5 -3.31102692541 -2.31102692544 -0.999999999973
13.51 -3.31415794823 -2.31415794826 -0.999999999973
13.52 -3.31728897105 -2.31728897108 -0.999999999974
13.53 -3.32041999387 -2.3204199939 -0.999999999974
13.54 -3.3235510167 -2.32355101672 -0.999999999975
13.55 -3.32668203952 -2.32668203954 -0.999999999975
13.56 -3.32981306234 -2.32981306236 -0.999999999976
13.57 -3.33294408516 -2.33294408519 -0.999999999976
13.58 -3.33607510798 -2.33607510801 -0.999999999977
13.59 -3.3392061308 -2.33920613083 -0.999999999977
13.6 -3.34233715363 -2.34233715365 -0.999999999978
13.61 -3.34546817645 -2.34546817647 -0.999999999978
13.62 -3.34859919927 -2.34859919929 -0.999999999978
13.63 -3.35173022209 -2.35173022211 -0.999999999979
13.64 -3.35486124491 -2.35486124493 -0.999999999979
13.65 -3.35799226774 -2.35799226776 -0.99999999998
13.66 -3.36112329056 -2.36112329058 -0.99999999998
13.67 -3.36425431338 -2.3642543134 -0.99999999998
13.68 -3.3673853362 -2.36738533622 -0.999999999981
13.69 -3.37051635902 -2.37051635904 -0.999999999981
13.7 -3.37364738184 -2.37364738186 -0.999999999981
13.71 -3.37677840467 -2.37677840468 -0.999999999982
13.72 -3.37990942749 -2.37990942751 -0.999999999982
13.73 -3.38304045031 -2.38304045033 -0.999999999983
13.74 -3.38617147313 -2.38617147315 -0.999999999983
13.75 -3.38930249595 -2.38930249597 -0.999999999983
13.76 -3.39243351878 -2.39243351879 -0.999999999984
13.77 -3.3955645416 -2.39556454161 -0.999999999984
13.78 -3.39869556442 -2.39869556444 -0.999999999984
13.79 -3.40182658724 -2.40182658726 -0.999999999984
13.8 -3.40495761006 -2.40495761008 -0.999999999985
13.81 -3.40808863289 -2.4080886329 -0.999999999985
13.82 -3.41121965571 -2.41121965572 -0.999999999985
13.83 -3.41435067853 -2.41435067854 -0.999999999986
13.84 -3.41748170135 -2.41748170137 -0.999999999986
13.85 -3.42061272417 -2.42061272419 -0.999999999986
13.86 -3.423743747 -2.42374374701 -0.999999999986
13.87 -3.42687476982 -2.42687476983 -0.999999999987
13.88 -3.43000579264 -2.43000579265 -0.999999999987
13.89 -3.43313681546 -2.43313681547 -0.999999999987
13.9 -3.43626783828 -2.4362678383 -0.999999999987
13.91 -3.43939886111 -2.43939886112 -0.999999999988
13.92 -3.44252988393 -2.44252988394 -0.999999999988
13.93 -3.44566090675 -2.44566090676 -0.999999999988
13.94 -3.44879192957 -2.44879192958 -0.999999999988
13.95 -3.45192295239 -2.45192295241 -0.999999999989
13.96 -3.45505397522 -2.45505397523 -0.999999999989
13.97 -3.45818499804 -2.45818499805 -0.999999999989
13.98 -3.46131602086 -2.46131602087 -0.999999999989
13.99 -3.46444704368 -2.46444704369 -0.999999999989
14.0 -3.4675780665 -2.46757806651 -0.99999999999
14.01 -3.47070908933 -2.47070908934 -0.99999999999
14.02 -3.47384011215 -2.47384011216 -0.99999999999
14.03 -3.47697113497 -2.47697113498 -0.99999999999
14.04 -3.48010215779 -2.4801021578 -0.99999999999
14.05 -3.48323318061 -2.48323318062 -0.999999999991
14.06 -3.48636420344 -2.48636420345 -0.999999999991
14.07 -3.48949522626 -2.48949522627 -0.999999999991
14.08 -3.49262624908 -2.49262624909 -0.999999999991
14.09 -3.4957572719 -2.49575727191 -0.999999999991
14.1 -3.49888829473 -2.49888829473 -0.999999999991
14.11 -3.50201931755 -2.50201931756 -0.999999999992
14.12 -3.50515034037 -2.50515034038 -0.999999999992
14.13 -3.50828136319 -2.5082813632 -0.999999999992
14.14 -3.51141238601 -2.51141238602 -0.999999999992
14.15 -3.51454340884 -2.51454340884 -0.999999999992
14.16 -3.51767443166 -2.51767443167 -0.999999999992
14.17 -3.52080545448 -2.52080545449 -0.999999999993
14.18 -3.5239364773 -2.52393647731 -0.999999999993
14.19 -3.52706750012 -2.52706750013 -0.999999999993
14.2 -3.53019852295 -2.53019852295 -0.999999999993
14.21 -3.53332954577 -2.53332954578 -0.999999999993
14.22 -3.53646056859 -2.5364605686 -0.999999999993
14.23 -3.53959159141 -2.53959159142 -0.999999999993
14.24 -3.54272261424 -2.54272261424 -0.999999999993
14.25 -3.54585363706 -2.54585363706 -0.999999999994
14.26 -3.54898465988 -2.54898465989 -0.999999999994
14.27 -3.5521156827 -2.55211568271 -0.999999999994
14.28 -3.55524670552 -2.55524670553 -0.999999999994
14.29 -3.55837772835 -2.55837772835 -0.999999999994
14.3 -3.56150875117 -2.56150875117 -0.999999999994
14.31 -3.56463977399 -2.564639774 -0.999999999994
14.32 -3.56777079681 -2.56777079682 -0.999999999994
14.33 -3.57090181964 -2.57090181964 -0.999999999995
14.34 -3.57403284246 -2.57403284246 -0.999999999995
14.35 -3.57716386528 -2.57716386528 -0.999999999995
14.36 -3.5802948881 -2.58029488811 -0.999999999995
14.37 -3.58342591092 -2.58342591093 -0.999999999995
14.38 -3.58655693375 -2.58655693375 -0.999999999995
14.39 -3.58968795657 -2.58968795657 -0.999999999995
14.4 -3.59281897939 -2.5928189794 -0.999999999995
14.41 -3.59595000221 -2.59595000222 -0.999999999995
14.42 -3.59908102504 -2.59908102504 -0.999999999995
14.43 -3.60221204786 -2.60221204786 -0.999999999995
14.44 -3.60534307068 -2.60534307068 -0.999999999996
14.45 -3.6084740935 -2.60847409351 -0.999999999996
14.46 -3.61160511632 -2.61160511633 -0.999999999996
14.47 -3.61473613915 -2.61473613915 -0.999999999996
14.48 -3.61786716197 -2.61786716197 -0.999999999996
14.49 -3.62099818479 -2.6209981848 -0.999999999996
14.5 -3.62412920761 -2.62412920762 -0.999999999996
14.51 -3.62726023044 -2.62726023044 -0.999999999996
14.52 -3.63039125326 -2.63039125326 -0.999999999996
14.53 -3.63352227608 -2.63352227608 -0.999999999996
14.54 -3.6366532989 -2.63665329891 -0.999999999996
14.55 -3.63978432172 -2.63978432173 -0.999999999996
14.56 -3.64291534455 -2.64291534455 -0.999999999996
14.57 -3.64604636737 -2.64604636737 -0.999999999997
14.58 -3.64917739019 -2.6491773902 -0.999999999997
14.59 -3.65230841301 -2.65230841302 -0.999999999997
14.6 -3.65543943584 -2.65543943584 -0.999999999997
14.61 -3.65857045866 -2.65857045866 -0.999999999997
14.62 -3.66170148148 -2.66170148148 -0.999999999997
14.63 -3.6648325043 -2.66483250431 -0.999999999997
14.64 -3.66796352713 -2.66796352713 -0.999999999997
14.65 -3.67109454995 -2.67109454995 -0.999999999997
14.66 -3.67422557277 -2.67422557277 -0.999999999997
14.67 -3.67735659559 -2.6773565956 -0.999999999997
14.68 -3.68048761841 -2.68048761842 -0.999999999997
14.69 -3.68361864124 -2.68361864124 -0.999999999997
14.7 -3.68674966406 -2.68674966406 -0.999999999997
14.71 -3.68988068688 -2.68988068688 -0.999999999997
14.72 -3.6930117097 -2.69301170971 -0.999999999997
14.73 -3.69614273253 -2.69614273253 -0.999999999997
14.74 -3.69927375535 -2.69927375535 -0.999999999998
14.75 -3.70240477817 -2.70240477817 -0.999999999998
14.76 -3.70553580099 -2.705535801 -0.999999999998
14.77 -3.70866682382 -2.70866682382 -0.999999999998
14.78 -3.71179784664 -2.71179784664 -0.999999999998
14.79 -3.71492886946 -2.71492886946 -0.999999999998
14.8 -3.71805989228 -2.71805989228 -0.999999999998
14.81 -3.7211909151 -2.72119091511 -0.999999999998
14.82 -3.72432193793 -2.72432193793 -0.999999999998
14.83 -3.72745296075 -2.72745296075 -0.999999999998
14.84 -3.73058398357 -2.73058398357 -0.999999999998
14.85 -3.73371500639 -2.7337150064 -0.999999999998
14.86 -3.73684602922 -2.73684602922 -0.999999999998
14.87 -3.73997705204 -2.73997705204 -0.999999999998
14.88 -3.74310807486 -2.74310807486 -0.999999999998
14.89 -3.74623909768 -2.74623909769 -0.999999999998
14.9 -3.74937012051 -2.74937012051 -0.999999999998
14.91 -3.75250114333 -2.75250114333 -0.999999999998
14.92 -3.75563216615 -2.75563216615 -0.999999999998
14.93 -3.75876318897 -2.75876318897 -0.999999999998
14.94 -3.76189421179 -2.7618942118 -0.999999999998
14.95 -3.76502523462 -2.76502523462 -0.999999999998
14.96 -3.76815625744 -2.76815625744 -0.999999999998
14.97 -3.77128728026 -2.77128728026 -0.999999999998
14.98 -3.77441830308 -2.77441830309 -0.999999999998
14.99 -3.77754932591 -2.77754932591 -0.999999999998
15.0 -3.78068034873 -2.78068034873 -0.999999999999
15.01 -3.78381137155 -2.78381137155 -0.999999999999
15.02 -3.78694239437 -2.78694239437 -0.999999999999
15.03 -3.7900734172 -2.7900734172 -0.999999999999
15.04 -3.79320444002 -2.79320444002 -0.999999999999
15.05 -3.79633546284 -2.79633546284 -0.999999999999
15.06 -3.79946648566 -2.79946648566 -0.999999999999
15.07 -3.80259750849 -2.80259750849 -0.999999999999
15.08 -3.80572853131 -2.80572853131 -0.999999999999
15.09 -3.80885955413 -2.80885955413 -0.999999999999
15.1 -3.81199057695 -2.81199057695 -0.999999999999
15.11 -3.81512159977 -2.81512159978 -0.999999999999
15.12 -3.8182526226 -2.8182526226 -0.999999999999
15.13 -3.82138364542 -2.82138364542 -0.999999999999
15.14 -3.82451466824 -2.82451466824 -0.999999999999
15.15 -3.82764569106 -2.82764569107 -0.999999999999
15.16 -3.83077671389 -2.83077671389 -0.999999999999
15.17 -3.83390773671 -2.83390773671 -0.999999999999
15.18 -3.83703875953 -2.83703875953 -0.999999999999
15.19 -3.84016978235 -2.84016978235 -0.999999999999
15.2 -3.84330080518 -2.84330080518 -0.999999999999
15.21 -3.846431828 -2.846431828 -0.999999999999
15.22 -3.84956285082 -2.84956285082 -0.999999999999
15.23 -3.85269387364 -2.85269387364 -0.999999999999
15.24 -3.85582489647 -2.85582489647 -0.999999999999
15.25 -3.85895591929 -2.85895591929 -0.999999999999
15.26 -3.86208694211 -2.86208694211 -0.999999999999
15.27 -3.86521796493 -2.86521796493 -0.999999999999
15.28 -3.86834898775 -2.86834898776 -0.999999999999
15.29 -3.87148001058 -2.87148001058 -0.999999999999
15.3 -3.8746110334 -2.8746110334 -0.999999999999
15.31 -3.87774205622 -2.87774205622 -0.999999999999
15.32 -3.88087307904 -2.88087307904 -0.999999999999
15.33 -3.88400410187 -2.88400410187 -0.999999999999
15.34 -3.88713512469 -2.88713512469 -0.999999999999
15.35 -3.89026614751 -2.89026614751 -0.999999999999
15.36 -3.89339717033 -2.89339717033 -0.999999999999
15.37 -3.89652819316 -2.89652819316 -0.999999999999
15.38 -3.89965921598 -2.89965921598 -0.999999999999
15.39 -3.9027902388 -2.9027902388 -0.999999999999
15.4 -3.90592126162 -2.90592126162 -0.999999999999
15.41 -3.90905228445 -2.90905228445 -0.999999999999
15.42 -3.91218330727 -2.91218330727 -0.999999999999
15.43 -3.91531433009 -2.91531433009 -0.999999999999
15.44 -3.91844535291 -2.91844535291 -0.999999999999
15.45 -3.92157637573 -2.92157637574 -0.999999999999
15.46 -3.92470739856 -2.92470739856 -0.999999999999
15.47 -3.92783842138 -2.92783842138 -0.999999999999
15.48 -3.9309694442 -2.9309694442 -0.999999999999
15.49 -3.93410046702 -2.93410046702 -0.999999999999
15.5 -3.93723148985 -2.93723148985 -0.999999999999
15.51 -3.94036251267 -2.94036251267 -0.999999999999
15.52 -3.94349353549 -2.94349353549 -0.999999999999
15.53 -3.94662455831 -2.94662455831 -0.999999999999
15.54 -3.94975558114 -2.94975558114 -0.999999999999
15.55 -3.95288660396 -2.95288660396 -0.999999999999
15.56 -3.95601762678 -2.95601762678 -0.999999999999
15.57 -3.9591486496 -2.9591486496 -1.0
15.58 -3.96227967243 -2.96227967243 -1.0
15.59 -3.96541069525 -2.96541069525 -1.0
15.6 -3.96854171807 -2.96854171807 -1.0
15.61 -3.97167274089 -2.97167274089 -1.0
15.62 -3.97480376371 -2.97480376372 -1.0
15.63 -3.97793478654 -2.97793478654 -1.0
15.64 -3.98106580936 -2.98106580936 -1.0
15.65 -3.98419683218 -2.98419683218 -1.0
15.66 -3.987327855 -2.987327855 -1.0
15.67 -3.99045887783 -2.99045887783 -1.0
15.68 -3.99358990065 -2.99358990065 -1.0
15.69 -3.99672092347 -2.99672092347 -1.0
15.7 -3.99985194629 -2.99985194629 -1.0
15.71 -4.00298296912 -3.00298296912 -1.0
15.72 -4.00611399194 -3.00611399194 -1.0
15.73 -4.00924501476 -3.00924501476 -1.0
15.74 -4.01237603758 -3.01237603758 -1.0
15.75 -4.01550706041 -3.01550706041 -1.0
15.76 -4.01863808323 -3.01863808323 -1.0
15.77 -4.02176910605 -3.02176910605 -1.0
15.78 -4.02490012887 -3.02490012887 -1.0
15.79 -4.0280311517 -3.0280311517 -1.0
15.8 -4.03116217452 -3.03116217452 -1.0
15.81 -4.03429319734 -3.03429319734 -1.0
15.82 -4.03742422016 -3.03742422016 -1.0
15.83 -4.04055524298 -3.04055524298 -1.0
15.84 -4.04368626581 -3.04368626581 -1.0
15.85 -4.04681728863 -3.04681728863 -1.0
15.86 -4.04994831145 -3.04994831145 -1.0
15.87 -4.05307933427 -3.05307933427 -1.0
15.88 -4.0562103571 -3.0562103571 -1.0
15.89 -4.05934137992 -3.05934137992 -1.0
15.9 -4.06247240274 -3.06247240274 -1.0
15.91 -4.06560342556 -3.06560342556 -1.0
15.92 -4.06873444839 -3.06873444839 -1.0
15.93 -4.07186547121 -3.07186547121 -1.0
15.94 -4.07499649403 -3.07499649403 -1.0
15.95 -4.07812751685 -3.07812751685 -1.0
15.96 -4.08125853968 -3.08125853968 -1.0
15.97 -4.0843895625 -3.0843895625 -1.0
15.98 -4.08752058532 -3.08752058532 -1.0
15.99 -4.09065160814 -3.09065160814 -1.0
16.0 -4.09378263096 -3.09378263096 -1.0
16.01 -4.09691365379 -3.09691365379 -1.0
16.02 -4.10004467661 -3.10004467661 -1.0
16.03 -4.10317569943 -3.10317569943 -1.0
16.04 -4.10630672225 -3.10630672225 -1.0
16.05 -4.10943774508 -3.10943774508 -1.0
16.06 -4.1125687679 -3.1125687679 -1.0
16.07 -4.11569979072 -3.11569979072 -1.0
16.08 -4.11883081354 -3.11883081354 -1.0
16.09 -4.12196183637 -3.12196183637 -1.0
16.1 -4.12509285919 -3.12509285919 -1.0
16.11 -4.12822388201 -3.12822388201 -1.0
16.12 -4.13135490483 -3.13135490483 -1.0
16.13 -4.13448592766 -3.13448592766 -1.0
16.14 -4.13761695048 -3.13761695048 -1.0
16.15 -4.1407479733 -3.1407479733 -1.0
16.16 -4.14387899612 -3.14387899612 -1.0
16.17 -4.14701001894 -3.14701001895 -1.0
16.18 -4.15014104177 -3.15014104177 -1.0
16.19 -4.15327206459 -3.15327206459 -1.0
16.2 -4.15640308741 -3.15640308741 -1.0
16.21 -4.15953411023 -3.15953411023 -1.0
16.22 -4.16266513306 -3.16266513306 -1.0
16.23 -4.16579615588 -3.16579615588 -1.0
16.24 -4.1689271787 -3.1689271787 -1.0
16.25 -4.17205820152 -3.17205820152 -1.0
16.26 -4.17518922435 -3.17518922435 -1.0
16.27 -4.17832024717 -3.17832024717 -1.0
16.28 -4.18145126999 -3.18145126999 -1.0
16.29 -4.18458229281 -3.18458229281 -1.0
16.3 -4.18771331564 -3.18771331564 -1.0
16.31 -4.19084433846 -3.19084433846 -1.0
16.32 -4.19397536128 -3.19397536128 -1.0
16.33 -4.1971063841 -3.1971063841 -1.0
16.34 -4.20023740693 -3.20023740693 -1.0
16.35 -4.20336842975 -3.20336842975 -1.0
16.36 -4.20649945257 -3.20649945257 -1.0
16.37 -4.20963047539 -3.20963047539 -1.0
16.38 -4.21276149821 -3.21276149821 -1.0
16.39 -4.21589252104 -3.21589252104 -1.0
16.4 -4.21902354386 -3.21902354386 -1.0
16.41 -4.22215456668 -3.22215456668 -1.0
16.42 -4.2252855895 -3.2252855895 -1.0
16.43 -4.22841661233 -3.22841661233 -1.0
16.44 -4.23154763515 -3.23154763515 -1.0
16.45 -4.23467865797 -3.23467865797 -1.0
16.46 -4.23780968079 -3.23780968079 -1.0
16.47 -4.24094070362 -3.24094070362 -1.0
16.48 -4.24407172644 -3.24407172644 -1.0
16.49 -4.24720274926 -3.24720274926 -1.0
16.5 -4.25033377208 -3.25033377208 -1.0
16.51 -4.25346479491 -3.25346479491 -1.0
16.52 -4.25659581773 -3.25659581773 -1.0
16.53 -4.25972684055 -3.25972684055 -1.0
16.54 -4.26285786337 -3.26285786337 -1.0
16.55 -4.26598888619 -3.26598888619 -1.0
16.56 -4.26911990902 -3.26911990902 -1.0
16.57 -4.27225093184 -3.27225093184 -1.0
16.58 -4.27538195466 -3.27538195466 -1.0
16.59 -4.27851297748 -3.27851297748 -1.0
16.6 -4.28164400031 -3.28164400031 -1.0
16.61 -4.28477502313 -3.28477502313 -1.0
16.62 -4.28790604595 -3.28790604595 -1.0
16.63 -4.29103706877 -3.29103706877 -1.0
16.64 -4.2941680916 -3.2941680916 -1.0
16.65 -4.29729911442 -3.29729911442 -1.0
16.66 -4.30043013724 -3.30043013724 -1.0
16.67 -4.30356116006 -3.30356116006 -1.0
16.68 -4.30669218289 -3.30669218289 -1.0
16.69 -4.30982320571 -3.30982320571 -1.0
16.7 -4.31295422853 -3.31295422853 -1.0
16.71 -4.31608525135 -3.31608525135 -1.0
16.72 -4.31921627417 -3.31921627417 -1.0
16.73 -4.322347297 -3.322347297 -1.0
16.74 -4.32547831982 -3.32547831982 -1.0
16.75 -4.32860934264 -3.32860934264 -1.0
16.76 -4.33174036546 -3.33174036546 -1.0
16.77 -4.33487138829 -3.33487138829 -1.0
16.78 -4.33800241111 -3.33800241111 -1.0
16.79 -4.34113343393 -3.34113343393 -1.0
16.8 -4.34426445675 -3.34426445675 -1.0
16.81 -4.34739547958 -3.34739547958 -1.0
16.82 -4.3505265024 -3.3505265024 -1.0
16.83 -4.35365752522 -3.35365752522 -1.0
16.84 -4.35678854804 -3.35678854804 -1.0
16.85 -4.35991957087 -3.35991957087 -1.0
16.86 -4.36305059369 -3.36305059369 -1.0
16.87 -4.36618161651 -3.36618161651 -1.0
16.88 -4.36931263933 -3.36931263933 -1.0
16.89 -4.37244366216 -3.37244366216 -1.0
16.9 -4.37557468498 -3.37557468498 -1.0
16.91 -4.3787057078 -3.3787057078 -1.0
16.92 -4.38183673062 -3.38183673062 -1.0
16.93 -4.38496775344 -3.38496775344 -1.0
16.94 -4.38809877627 -3.38809877627 -1.0
16.95 -4.39122979909 -3.39122979909 -1.0
16.96 -4.39436082191 -3.39436082191 -1.0
16.97 -4.39749184473 -3.39749184473 -1.0
16.98 -4.40062286756 -3.40062286756 -1.0
16.99 -4.40375389038 -3.40375389038 -1.0
17.0 -4.4068849132 -3.4068849132 -1.0
17.01 -4.41001593602 -3.41001593602 -1.0
17.02 -4.41314695885 -3.41314695885 -1.0
17.03 -4.41627798167 -3.41627798167 -1.0
17.04 -4.41940900449 -3.41940900449 -1.0
17.05 -4.42254002731 -3.42254002731 -1.0
17.06 -4.42567105014 -3.42567105014 -1.0
17.07 -4.42880207296 -3.42880207296 -1.0
17.08 -4.43193309578 -3.43193309578 -1.0
17.09 -4.4350641186 -3.4350641186 -1.0
17.1 -4.43819514142 -3.43819514142 -1.0
17.11 -4.44132616425 -3.44132616425 -1.0
17.12 -4.44445718707 -3.44445718707 -1.0
17.13 -4.44758820989 -3.44758820989 -1.0
17.14 -4.45071923271 -3.45071923271 -1.0
17.15 -4.45385025554 -3.45385025554 -1.0
17.16 -4.45698127836 -3.45698127836 -1.0
17.17 -4.46011230118 -3.46011230118 -1.0
17.18 -4.463243324 -3.463243324 -1.0
17.19 -4.46637434683 -3.46637434683 -1.0
17.2 -4.46950536965 -3.46950536965 -1.0
17.21 -4.47263639247 -3.47263639247 -1.0
17.22 -4.47576741529 -3.47576741529 -1.0
17.23 -4.47889843812 -3.47889843812 -1.0
17.24 -4.48202946094 -3.48202946094 -1.0
17.25 -4.48516048376 -3.48516048376 -1.0
17.26 -4.48829150658 -3.48829150658 -1.0
17.27 -4.4914225294 -3.4914225294 -1.0
17.28 -4.49455355223 -3.49455355223 -1.0
17.29 -4.49768457505 -3.49768457505 -1.0
17.3 -4.50081559787 -3.50081559787 -1.0
17.31 -4.50394662069 -3.50394662069 -1.0
17.32 -4.50707764352 -3.50707764352 -1.0
17.33 -4.51020866634 -3.51020866634 -1.0
17.34 -4.51333968916 -3.51333968916 -1.0
17.35 -4.51647071198 -3.51647071198 -1.0
17.36 -4.51960173481 -3.51960173481 -1.0
17.37 -4.52273275763 -3.52273275763 -1.0
17.38 -4.52586378045 -3.52586378045 -1.0
17.39 -4.52899480327 -3.52899480327 -1.0
17.4 -4.5321258261 -3.5321258261 -1.0
17.41 -4.53525684892 -3.53525684892 -1.0
17.42 -4.53838787174 -3.53838787174 -1.0
17.43 -4.54151889456 -3.54151889456 -1.0
17.44 -4.54464991739 -3.54464991739 -1.0
17.45 -4.54778094021 -3.54778094021 -1.0
17.46 -4.55091196303 -3.55091196303 -1.0
17.47 -4.55404298585 -3.55404298585 -1.0
17.48 -4.55717400867 -3.55717400867 -1.0
17.49 -4.5603050315 -3.5603050315 -1.0
17.5 -4.56343605432 -3.56343605432 -1.0
17.51 -4.56656707714 -3.56656707714 -1.0
17.52 -4.56969809996 -3.56969809996 -1.0
17.53 -4.57282912279 -3.57282912279 -1.0
17.54 -4.57596014561 -3.57596014561 -1.0
17.55 -4.57909116843 -3.57909116843 -1.0
17.56 -4.58222219125 -3.58222219125 -1.0
17.57 -4.58535321408 -3.58535321408 -1.0
17.58 -4.5884842369 -3.5884842369 -1.0
17.59 -4.59161525972 -3.59161525972 -1.0
17.6 -4.59474628254 -3.59474628254 -1.0
17.61 -4.59787730537 -3.59787730537 -1.0
17.62 -4.60100832819 -3.60100832819 -1.0
17.63 -4.60413935101 -3.60413935101 -1.0
17.64 -4.60727037383 -3.60727037383 -1.0
17.65 -4.61040139665 -3.61040139665 -1.0
17.66 -4.61353241948 -3.61353241948 -1.0
17.67 -4.6166634423 -3.6166634423 -1.0
17.68 -4.61979446512 -3.61979446512 -1.0
17.69 -4.62292548794 -3.62292548794 -1.0
17.7 -4.62605651077 -3.62605651077 -1.0
17.71 -4.62918753359 -3.62918753359 -1.0
17.72 -4.63231855641 -3.63231855641 -1.0
17.73 -4.63544957923 -3.63544957923 -1.0
17.74 -4.63858060206 -3.63858060206 -1.0
17.75 -4.64171162488 -3.64171162488 -1.0
17.76 -4.6448426477 -3.6448426477 -1.0
17.77 -4.64797367052 -3.64797367052 -1.0
17.78 -4.65110469335 -3.65110469335 -1.0
17.79 -4.65423571617 -3.65423571617 -1.0
17.8 -4.65736673899 -3.65736673899 -1.0
17.81 -4.66049776181 -3.66049776181 -1.0
17.82 -4.66362878463 -3.66362878463 -1.0
17.83 -4.66675980746 -3.66675980746 -1.0
17.84 -4.66989083028 -3.66989083028 -1.0
17.85 -4.6730218531 -3.6730218531 -1.0
17.86 -4.67615287592 -3.67615287592 -1.0
17.87 -4.67928389875 -3.67928389875 -1.0
17.88 -4.68241492157 -3.68241492157 -1.0
17.89 -4.68554594439 -3.68554594439 -1.0
17.9 -4.68867696721 -3.68867696721 -1.0
17.91 -4.69180799004 -3.69180799004 -1.0
17.92 -4.69493901286 -3.69493901286 -1.0
17.93 -4.69807003568 -3.69807003568 -1.0
17.94 -4.7012010585 -3.7012010585 -1.0
17.95 -4.70433208133 -3.70433208133 -1.0
17.96 -4.70746310415 -3.70746310415 -1.0
17.97 -4.71059412697 -3.71059412697 -1.0
17.98 -4.71372514979 -3.71372514979 -1.0
17.99 -4.71685617261 -3.71685617261 -1.0
18.0 -4.71998719544 -3.71998719544 -1.0
18.01 -4.72311821826 -3.72311821826 -1.0
18.02 -4.72624924108 -3.72624924108 -1.0
18.03 -4.7293802639 -3.7293802639 -1.0
18.04 -4.73251128673 -3.73251128673 -1.0
18.05 -4.73564230955 -3.73564230955 -1.0
18.06 -4.73877333237 -3.73877333237 -1.0
18.07 -4.74190435519 -3.74190435519 -1.0
18.08 -4.74503537802 -3.74503537802 -1.0
18.09 -4.74816640084 -3.74816640084 -1.0
18.1 -4.75129742366 -3.75129742366 -1.0
18.11 -4.75442844648 -3.75442844648 -1.0
18.12 -4.75755946931 -3.75755946931 -1.0
18.13 -4.76069049213 -3.76069049213 -1.0
18.14 -4.76382151495 -3.76382151495 -1.0
18.15 -4.76695253777 -3.76695253777 -1.0
18.16 -4.7700835606 -3.7700835606 -1.0
18.17 -4.77321458342 -3.77321458342 -1.0
18.18 -4.77634560624 -3.77634560624 -1.0
18.19 -4.77947662906 -3.77947662906 -1.0
18.2 -4.78260765188 -3.78260765188 -1.0
18.21 -4.78573867471 -3.78573867471 -1.0
18.22 -4.78886969753 -3.78886969753 -1.0
18.23 -4.79200072035 -3.79200072035 -1.0
18.24 -4.79513174317 -3.79513174317 -1.0
18.25 -4.798262766 -3.798262766 -1.0
18.26 -4.80139378882 -3.80139378882 -1.0
18.27 -4.80452481164 -3.80452481164 -1.0
18.28 -4.80765583446 -3.80765583446 -1.0
18.29 -4.81078685729 -3.81078685729 -1.0
18.3 -4.81391788011 -3.81391788011 -1.0
18.31 -4.81704890293 -3.81704890293 -1.0
18.32 -4.82017992575 -3.82017992575 -1.0
18.33 -4.82331094858 -3.82331094858 -1.0
18.34 -4.8264419714 -3.8264419714 -1.0
18.35 -4.82957299422 -3.82957299422 -1.0
18.36 -4.83270401704 -3.83270401704 -1.0
18.37 -4.83583503986 -3.83583503986 -1.0
18.38 -4.83896606269 -3.83896606269 -1.0
18.39 -4.84209708551 -3.84209708551 -1.0
18.4 -4.84522810833 -3.84522810833 -1.0
18.41 -4.84835913115 -3.84835913115 -1.0
18.42 -4.85149015398 -3.85149015398 -1.0
18.43 -4.8546211768 -3.8546211768 -1.0
18.44 -4.85775219962 -3.85775219962 -1.0
18.45 -4.86088322244 -3.86088322244 -1.0
18.46 -4.86401424527 -3.86401424527 -1.0
18.47 -4.86714526809 -3.86714526809 -1.0
18.48 -4.87027629091 -3.87027629091 -1.0
18.49 -4.87340731373 -3.87340731373 -1.0
18.5 -4.87653833656 -3.87653833656 -1.0
18.51 -4.87966935938 -3.87966935938 -1.0
18.52 -4.8828003822 -3.8828003822 -1.0
18.53 -4.88593140502 -3.88593140502 -1.0
18.54 -4.88906242784 -3.88906242784 -1.0
18.55 -4.89219345067 -3.89219345067 -1.0
18.56 -4.89532447349 -3.89532447349 -1.0
18.57 -4.89845549631 -3.89845549631 -1.0
18.58 -4.90158651913 -3.90158651913 -1.0
18.59 -4.90471754196 -3.90471754196 -1.0
18.6 -4.90784856478 -3.90784856478 -1.0
18.61 -4.9109795876 -3.9109795876 -1.0
18.62 -4.91411061042 -3.91411061042 -1.0
18.63 -4.91724163325 -3.91724163325 -1.0
18.64 -4.92037265607 -3.92037265607 -1.0
18.65 -4.92350367889 -3.92350367889 -1.0
18.66 -4.92663470171 -3.92663470171 -1.0
18.67 -4.92976572454 -3.92976572454 -1.0
18.68 -4.93289674736 -3.93289674736 -1.0
18.69 -4.93602777018 -3.93602777018 -1.0
18.7 -4.939158793 -3.939158793 -1.0
18.71 -4.94228981583 -3.94228981583 -1.0
18.72 -4.94542083865 -3.94542083865 -1.0
18.73 -4.94855186147 -3.94855186147 -1.0
18.74 -4.95168288429 -3.95168288429 -1.0
18.75 -4.95481390711 -3.95481390711 -1.0
18.76 -4.95794492994 -3.95794492994 -1.0
18.77 -4.96107595276 -3.96107595276 -1.0
18.78 -4.96420697558 -3.96420697558 -1.0
18.79 -4.9673379984 -3.9673379984 -1.0
18.8 -4.97046902123 -3.97046902123 -1.0
18.81 -4.97360004405 -3.97360004405 -1.0
18.82 -4.97673106687 -3.97673106687 -1.0
18.83 -4.97986208969 -3.97986208969 -1.0
18.84 -4.98299311252 -3.98299311252 -1.0
18.85 -4.98612413534 -3.98612413534 -1.0
18.86 -4.98925515816 -3.98925515816 -1.0
18.87 -4.99238618098 -3.99238618098 -1.0
18.88 -4.99551720381 -3.99551720381 -1.0
18.89 -4.99864822663 -3.99864822663 -1.0
18.9 -5.00177924945 -4.00177924945 -1.0
18.91 -5.00491027227 -4.00491027227 -1.0
18.92 -5.00804129509 -4.00804129509 -1.0
18.93 -5.01117231792 -4.01117231792 -1.0
18.94 -5.01430334074 -4.01430334074 -1.0
18.95 -5.01743436356 -4.01743436356 -1.0
18.96 -5.02056538638 -4.02056538638 -1.0
18.97 -5.02369640921 -4.02369640921 -1.0
18.98 -5.02682743203 -4.02682743203 -1.0
18.99 -5.02995845485 -4.02995845485 -1.0
19.0 -5.03308947767 -4.03308947767 -1.0
19.01 -5.0362205005 -4.0362205005 -1.0
19.02 -5.03935152332 -4.03935152332 -1.0
19.03 -5.04248254614 -4.04248254614 -1.0
19.04 -5.04561356896 -4.04561356896 -1.0
19.05 -5.04874459179 -4.04874459179 -1.0
19.06 -5.05187561461 -4.05187561461 -1.0
19.07 -5.05500663743 -4.05500663743 -1.0
19.08 -5.05813766025 -4.05813766025 -1.0
19.09 -5.06126868307 -4.06126868307 -1.0
19.1 -5.0643997059 -4.0643997059 -1.0
19.11 -5.06753072872 -4.06753072872 -1.0
19.12 -5.07066175154 -4.07066175154 -1.0
19.13 -5.07379277436 -4.07379277436 -1.0
19.14 -5.07692379719 -4.07692379719 -1.0
19.15 -5.08005482001 -4.08005482001 -1.0
19.16 -5.08318584283 -4.08318584283 -1.0
19.17 -5.08631686565 -4.08631686565 -1.0
19.18 -5.08944788848 -4.08944788848 -1.0
19.19 -5.0925789113 -4.0925789113 -1.0
19.2 -5.09570993412 -4.09570993412 -1.0
19.21 -5.09884095694 -4.09884095694 -1.0
19.22 -5.10197197977 -4.10197197977 -1.0
19.23 -5.10510300259 -4.10510300259 -1.0
19.24 -5.10823402541 -4.10823402541 -1.0
19.25 -5.11136504823 -4.11136504823 -1.0
19.26 -5.11449607106 -4.11449607106 -1.0
19.27 -5.11762709388 -4.11762709388 -1.0
19.28 -5.1207581167 -4.1207581167 -1.0
19.29 -5.12388913952 -4.12388913952 -1.0
19.3 -5.12702016234 -4.12702016234 -1.0
19.31 -5.13015118517 -4.13015118517 -1.0
19.32 -5.13328220799 -4.13328220799 -1.0
19.33 -5.13641323081 -4.13641323081 -1.0
19.34 -5.13954425363 -4.13954425363 -1.0
19.35 -5.14267527646 -4.14267527646 -1.0
19.36 -5.14580629928 -4.14580629928 -1.0
19.37 -5.1489373221 -4.1489373221 -1.0
19.38 -5.15206834492 -4.15206834492 -1.0
19.39 -5.15519936775 -4.15519936775 -1.0
19.4 -5.15833039057 -4.15833039057 -1.0
19.41 -5.16146141339 -4.16146141339 -1.0
19.42 -5.16459243621 -4.16459243621 -1.0
19.43 -5.16772345904 -4.16772345904 -1.0
19.44 -5.17085448186 -4.17085448186 -1.0
19.45 -5.17398550468 -4.17398550468 -1.0
19.46 -5.1771165275 -4.1771165275 -1.0
19.47 -5.18024755032 -4.18024755032 -1.0
19.48 -5.18337857315 -4.18337857315 -1.0
19.49 -5.18650959597 -4.18650959597 -1.0
19.5 -5.18964061879 -4.18964061879 -1.0
19.51 -5.19277164161 -4.19277164161 -1.0
19.52 -5.19590266444 -4.19590266444 -1.0
19.53 -5.19903368726 -4.19903368726 -1.0
19.54 -5.20216471008 -4.20216471008 -1.0
19.55 -5.2052957329 -4.2052957329 -1.0
19.56 -5.20842675573 -4.20842675573 -1.0
19.57 -5.21155777855 -4.21155777855 -1.0
19.58 -5.21468880137 -4.21468880137 -1.0
19.59 -5.21781982419 -4.21781982419 -1.0
19.6 -5.22095084702 -4.22095084702 -1.0
19.61 -5.22408186984 -4.22408186984 -1.0
19.62 -5.22721289266 -4.22721289266 -1.0
19.63 -5.23034391548 -4.23034391548 -1.0
19.64 -5.2334749383 -4.2334749383 -1.0
19.65 -5.23660596113 -4.23660596113 -1.0
19.66 -5.23973698395 -4.23973698395 -1.0
19.67 -5.24286800677 -4.24286800677 -1.0
19.68 -5.24599902959 -4.24599902959 -1.0
19.69 -5.24913005242 -4.24913005242 -1.0
19.7 -5.25226107524 -4.25226107524 -1.0
19.71 -5.25539209806 -4.25539209806 -1.0
19.72 -5.25852312088 -4.25852312088 -1.0
19.73 -5.26165414371 -4.26165414371 -1.0
19.74 -5.26478516653 -4.26478516653 -1.0
19.75 -5.26791618935 -4.26791618935 -1.0
19.76 -5.27104721217 -4.27104721217 -1.0
19.77 -5.274178235 -4.274178235 -1.0
19.78 -5.27730925782 -4.27730925782 -1.0
19.79 -5.28044028064 -4.28044028064 -1.0
19.8 -5.28357130346 -4.28357130346 -1.0
19.81 -5.28670232629 -4.28670232629 -1.0
19.82 -5.28983334911 -4.28983334911 -1.0
19.83 -5.29296437193 -4.29296437193 -1.0
19.84 -5.29609539475 -4.29609539475 -1.0
19.85 -5.29922641757 -4.29922641757 -1.0
19.86 -5.3023574404 -4.3023574404 -1.0
19.87 -5.30548846322 -4.30548846322 -1.0
19.88 -5.30861948604 -4.30861948604 -1.0
19.89 -5.31175050886 -4.31175050886 -1.0
19.9 -5.31488153169 -4.31488153169 -1.0
19.91 -5.31801255451 -4.31801255451 -1.0
19.92 -5.32114357733 -4.32114357733 -1.0
19.93 -5.32427460015 -4.32427460015 -1.0
19.94 -5.32740562298 -4.32740562298 -1.0
19.95 -5.3305366458 -4.3305366458 -1.0
19.96 -5.33366766862 -4.33366766862 -1.0
19.97 -5.33679869144 -4.33679869144 -1.0
19.98 -5.33992971427 -4.33992971427 -1.0
19.99 -5.34306073709 -4.34306073709 -1.0
20.0 -5.34619175991 -4.34619175991 -1.0
